Note: [none]
Total # of Iterations:	1e+06	
Sample size:	253	
Maximum likelihood:	# Parameters:	AIC corr:	AIC:	Slope:	R2:
100.4844	6	-188.6274	-188.9689	1.002798	0.5057748	
Model:	mcombrat7
PDF:	dnorm
Support interval range:	2

Varying parameters:
Label	MLE	Lower S.I.	Upper S.I.	Std Err	Lower Bound	Upper Bound	Final step size
MR	0.7153513	0	1	4.002684	0	1	0.006545568	
b	0.2	0	0.2	1.592332	0	0.2	0.01004694	
k	-1.334608	-2	0.09103404	11.70723	-2	2	0.01884838	
t0	9.492672	0	11.59414	13.03299	0	20	0.01815338	
Popt	720.9383	300	1000	1881.375	300	1000	6.366506	
Pb	1.165964	0	5	3.405098	0	5	0.0251567	

Non-varying parameters:
Label	Value
mean	predicted	
x	rat	
prec	prec	
tmed	tmed	


Annealing regime:
Initial temp	Rt	ns	nt
5	0.975	20	100

Variance - Covariance Matrix:
	MR	b	k	t0	Popt	Pb
MR	16.02148	-6.11424	44.58412	-51.53799	-807.6197	-0.02700638	
b	-6.11424	2.53552	-17.95509	19.60207	493.6287	-0.4928222	
k	44.58412	-17.95509	137.0592	-146.0358	-2085.255	1.505149	
t0	-51.53799	19.60207	-146.0358	169.8589	2931.637	-0.05888071	
Popt	-807.6197	493.6287	-2085.255	2931.637	3539573	4079.98	
Pb	-0.02700638	-0.4928222	1.505149	-0.05888071	4079.98	11.5947	

Source data
rat	tmed	prec	predicted	
0.4759616	11.81506	559.2	0.1638169	
0.3003152	11.736	635.5	0.1693735	
0.3938742	11.01136	759.1	0.2094853	
0.3736255	10.63505	561.4	0.2398019	
0.1600306	10.74701	308.2	0.1789761	
0.1650547	10.92373	499.1	0.2063656	
0.1405044	10.65338	426.4	0.2198701	
0.2793442	10.13953	728.2	0.312826	
0.2575962	11.37159	889.7	0.1831729	
0.2420352	10.44594	1428.5	0.22593	
0.2945809	10.68331	609.9	0.2376252	
0.1342082	10.97178	552.5	0.2073914	
0.2948654	10.09672	584.9	0.3146359	
0.1885472	10.88113	484	0.2081081	
0.1472617	11.48234	368.1	0.152985	
0.1241091	10.91439	590.5	0.2145293	
0.1573864	11.61667	368.8	0.1481909	
0.2249388	9.9215	1022.5	0.3341437	
0.6260474	10.40382	555.4	0.2671444	
0.4121322	10.34639	631.3	0.2799902	
0.5715017	9.428958	758.4	0.4409527	
0.5446219	9.050484	565.1	0.500242	
0.4744601	9.207542	312.2	0.3733155	
0.5349582	9.288868	502.9	0.4460894	
0.3405907	8.983948	437	0.4767473	
0.5210497	8.392047	716.7	0.6082643	
0.4548816	9.816253	887.9	0.3625358	
0.5954203	8.801879	1421.6	0.4663316	
0.5923556	8.94437	601.7	0.5231435	
0.4001922	9.426972	561.4	0.4316995	
0.4739078	8.407901	576.1	0.5953031	
0.4527148	9.156835	494.8	0.4672892	
0.4141188	9.872912	359.5	0.2997063	
0.4945938	9.220841	619.1	0.4764715	
0.4601859	10.06176	364.9	0.2744552	
0.5061606	8.12988	1009.9	0.6094683	
0.1543426	15.39656	208.4	0.08131542	
0.1832787	15.09243	217.7	0.08462649	
0.1523323	14.97087	213.4	0.08317342	
0.3161728	14.6502	319	0.1124951	
0.1251806	14.48524	101.8	0.03513025	
0.08662605	15.12706	260.6	0.09797146	
0.1073976	14.68435	167.7	0.06569363	
0.1177354	14.63184	256.5	0.09700241	
0.1325189	15.36337	325.7	0.1136032	
0.4343702	14.5268	436.6	0.1310577	
0.2418193	15.04664	203.2	0.07951383	
0.01669328	15.13608	207.8	0.08115233	
0.1009567	14.43493	181.3	0.07137525	
0.03109615	15.50237	142.9	0.05467009	
0.1053782	15.65799	223.7	0.08654998	
0.1208357	15.34972	283	0.1038909	
0.1397098	15.58787	140.1	0.05338199	
0.08104308	14.57152	337.8	0.1163379	
0.04561179	15.32993	104.8	0.03649359	
0.09793627	15.80108	199.5	0.0780352	
0.06287278	15.51106	240	0.09180595	
0.1351467	16.53306	303.7	0.1087213	
0.09732386	13.31781	361.6	0.1229841	
0.1655779	13.11083	330.5	0.1180183	
0.1609994	12.85564	327.3	0.1188055	
0.1874337	12.68337	348.6	0.1243923	
0.0406339	12.70888	144.9	0.05849992	
0.07405498	12.9846	327.7	0.118097	
0.05920739	12.51785	332.5	0.1227439	
0.03349928	12.51045	265.6	0.1060896	
0.09358744	13.48725	358.1	0.1217937	
0.1480221	12.65853	484.3	0.1427604	
0.1508633	12.93468	330.9	0.1190531	
0.04389473	12.90525	290	0.1098502	
0.1161283	12.39118	215.9	0.09067867	
0.04617053	13.19346	222.2	0.08840162	
0.07283431	13.34513	214.1	0.08513026	
0.03174495	13.01616	274	0.1050514	
0.08635824	13.70839	171.4	0.06793736	
0.08286346	12.15359	395.5	0.1392832	
0.07499991	13.21725	204.7	0.08206702	
0.07621066	13.56741	275.8	0.1036403	
0.04650233	13.33447	196.6	0.07870273	
0.07267583	14.66723	254.4	0.09637716	
0.1684874	14.31136	202.9	0.07972277	
0.1775987	14.03289	222.2	0.0867582	
0.1766173	13.75783	199	0.07882709	
0.2561497	13.44531	323.2	0.1152108	
0.08581704	13.29281	107.3	0.03860366	
0.08165883	13.85621	266.1	0.1004547	
0.1181447	13.40368	171.8	0.06858583	
0.1629166	13.29086	260.9	0.1002893	
0.1210237	14.15875	320.7	0.1132789	
0.1912346	13.24589	436.9	0.1339225	
0.1455412	13.70181	203.9	0.08072893	
0.02651434	13.9476	211.9	0.08328882	
0.05568562	13.13108	176.2	0.07106969	
0.03503488	14.17628	142.3	0.05474354	
0.05777684	14.40997	229.5	0.08886097	
0.02008387	14.03355	296	0.1078943	
0.07143941	14.3783	143.1	0.05501106	
0.06278213	13.19144	331.5	0.1178544	
0.1573845	13.22271	366.4	0.1241939	
0.09247242	13.00417	344.7	0.1213859	
0.1796374	12.71884	354.1	0.1251238	
0.1271469	12.64827	327.9	0.1205225	
0.04003083	12.66909	147.1	0.05970856	
0.1220973	12.90435	370.9	0.1266873	
0.05457975	12.35925	318.7	0.1215296	
0.09209923	12.24473	298.7	0.1181887	
0.08777828	13.21941	476.6	0.1380263	
0.147539	12.50525	561.7	0.149688	
0.1625557	12.83743	271.4	0.1053023	
0.04442081	13.05593	276.6	0.1055682	
0.1986661	12.1365	382	0.1374107	
0.08226787	13.12328	258.1	0.1000825	
0.07064392	13.41941	213.9	0.0848777	
0.03355328	13.12578	313.9	0.1143994	
0.07154471	13.75114	200	0.07921077	
0.09808652	12.33429	448.9	0.14335	
0.04748416	13.37264	267.3	0.101845	
0.1259869	13.44884	321.5	0.1148409	
0.05763474	13.45395	199.8	0.0796489	
0.1068164	12.74955	359.4	0.1258368	
0.1348452	12.55089	335.1	0.1229474	
0.149858	12.19674	348.1	0.1301454	
0.1437259	12.10822	338	0.1295553	
0.04349623	12.14503	141.1	0.05984333	
0.09018941	12.34522	353.4	0.1289906	
0.07338176	11.82288	322.3	0.1319792	
0.04840161	11.73981	285.4	0.1241341	
0.1039761	12.75106	446.3	0.138176	
0.1173053	11.96879	541	0.1584576	
0.1305473	12.25463	292.8	0.1165185	
0.03379989	12.49898	277.9	0.1097025	
0.1174534	11.61853	326.3	0.1386834	
0.05003962	12.56447	252.3	0.1016048	
0.09789741	12.8414	218.7	0.08861645	
0.03536019	12.54195	304.8	0.1162542	
0.04882452	13.19164	199.1	0.08003711	
0.07868437	11.68466	445.6	0.1581506	
0.04198474	12.74521	252.4	0.1003191	
0.09480179	12.92051	323.4	0.1175626	
0.07480113	12.89171	202.2	0.08230532	
0.26936	12.25136	360.2	0.1316251	
0.189034	12.06719	341.6	0.1310689	
0.3093132	11.65683	355.5	0.1441534	
0.2482097	11.55707	326.3	0.1407039	
0.04001177	11.61297	147.8	0.0694762	
0.1178683	11.78407	362.9	0.1418978	
0.0556492	11.27962	322	0.1506684	
0.1127203	11.05442	335.5	0.1664222	
0.1548122	12.19787	532	0.1528564	
0.2486419	11.4048	666.6	0.1840278	
0.3110653	11.72189	305.6	0.1303109	
0.0837598	11.98467	334.9	0.1312475	
0.228604	11.00224	425	0.1898714	
0.1205257	11.95345	333.6	0.1316137	
0.1291197	12.41273	260.8	0.1056002	
0.06625869	11.93446	382.1	0.1416208	
0.09849051	12.7014	207.7	0.08535347	
0.5828131	11.36156	368.2	0.1581476	
0.3738774	11.2134	349.9	0.1612191	
0.5811849	10.68792	390.2	0.2085785	
0.5059657	10.54402	373.1	0.2182329	
0.07626182	10.63039	163	0.1090629	
0.2310098	10.73044	373.2	0.2004664	
0.1078383	10.28368	333.4	0.2336614	
0.1626592	9.905245	376.8	0.3018198	
0.29091	11.18799	612.7	0.1951103	
0.4185128	10.32817	799.9	0.2832552	
0.478777	10.55143	353.3	0.2115692	
0.2128957	10.89882	371.2	0.1862806	
0.4040281	9.824873	454	0.3390523	
0.197504	10.75392	385.2	0.2014149	
0.2710632	11.31034	295.9	0.1415971	
0.1525367	10.71864	444.8	0.2169156	
0.1960562	11.61003	231.9	0.1090829	
0.3262517	10.01994	506.9	0.3176601	
0.138568	11.08017	279.3	0.1468943	
0.2202332	11.42356	318.8	0.143637	
0.1085746	12.07944	359	0.1343389	
0.1229677	11.90305	336.2	0.1333076	
0.1445175	11.48727	350.7	0.1490465	
0.127417	11.36707	340.7	0.1516176	
0.04128587	11.44162	143.3	0.06991456	
0.09253699	11.5831	355.1	0.1465139	
0.09946053	11.09165	322.9	0.1606234	
0.0596355	10.91769	297.7	0.1630518	
0.1932361	12.02929	458.8	0.1501051	
0.2550653	11.21354	572.6	0.191599	
0.237985	11.43551	302.1	0.1384737	
0.07283805	11.72606	288.3	0.1253393	
0.1092085	10.77581	335.8	0.1859946	
0.06899374	11.70423	270.5	0.1204341	
0.09069465	12.07968	228.8	0.09895477	
0.04204381	11.67049	323.4	0.1363708	
0.1004605	12.4234	201.1	0.08472046	
0.0970911	10.83334	452.6	0.2077602	
0.06027039	11.95002	256.5	0.1106144	
0.1406959	12.1936	322.7	0.1247553	
0.1143764	12.11509	203.9	0.08890772	
0.07969127	11.77294	358.8	0.1413862	
0.0690587	11.61888	335.6	0.1409228	
0.09859162	11.17159	351.5	0.1638541	
0.06142529	11.03588	346.2	0.1704806	
0.01988913	11.13217	144.3	0.07750968	
0.0460038	11.23782	355.8	0.1613699	
0.03301357	10.76736	320.7	0.1817648	
0.02011435	10.55713	299.2	0.1914279	
0.09045893	11.71132	459.5	0.1589249	
0.1403275	10.87116	584.4	0.2179565	
0.1341438	11.06629	311.1	0.1584815	
0.02887239	11.36616	293.3	0.1384863	
0.04479617	10.40011	332.7	0.2202357	
0.02434118	11.3142	276.5	0.1350596	
0.05118988	11.72756	233.4	0.1068985	
0.02165737	11.268	330.6	0.153554	
0.06356096	12.07103	202	0.08867782	
0.3170893	11.36243	360.9	0.1565277	
0.2377955	11.21471	337.3	0.1579599	
0.3464311	10.70226	358	0.1988012	
0.2816574	10.55819	361.3	0.2133498	
0.09565752	10.65748	148.7	0.09713174	
0.1990407	10.74932	358.1	0.1947607	
0.1211196	10.27977	322	0.2294442	
0.1466144	10.04482	306.6	0.2509064	
0.2626483	11.26267	479.1	0.1808842	
0.3644781	10.39393	622.5	0.2730783	
0.283016	10.56176	331.7	0.2033904	
0.1164069	10.91	303.2	0.1654905	
0.2163242	9.910485	331.8	0.2816161	
0.1126222	10.81058	289.8	0.1673608	
0.2184333	11.25379	243.3	0.1249709	
0.1012387	10.75417	347.1	0.1911866	
0.1816787	11.60485	204.2	0.0976334	
0.1813105	9.91548	458.2	0.3250439	
0.1076421	11.08597	255.8	0.137482	
0.2435312	11.4141	319.6	0.1442265	
0.1752625	11.99493	557	0.1587313	
0.121445	11.90282	632.8	0.1640998	
0.1414086	11.21308	762	0.1951842	
0.1390418	10.82874	567.7	0.2207465	
0.08112583	10.92854	306.9	0.1655435	
0.08830946	11.12806	503.6	0.1917596	
0.07755052	10.84717	428.3	0.2024782	
0.1060988	10.35224	722.2	0.280991	
0.1035995	11.56453	889.2	0.1741304	
0.1193004	10.65089	1430.6	0.2049731	
0.147881	10.90389	608.7	0.2163183	
0.09275033	11.18644	551.8	0.1920048	
0.1607469	10.31331	582.8	0.2817759	
0.1034699	11.10675	481.1	0.1907259	
0.1036026	11.68766	365.4	0.1452125	
0.07726855	11.13128	584.3	0.1975972	
0.09549652	11.82421	366.2	0.1414605	
0.0982538	10.1593	1019.7	0.2963098	

Likelihood History
Iteration	Temperature	Likelihood
0	5	100.3685	
0.1666667	5	100.3995	
432.1667	5	100.4044	
752.3333	5	100.4044	
838.8333	5	100.4102	
1000	5	100.4102	
1734.167	5	100.4164	
1734.333	5	100.4176	
2000	4.875	100.4176	
2046.167	4.875	100.4318	
3000	4.875	100.4318	
4000	4.753125	100.4318	
5000	4.753125	100.4318	
6000	4.634297	100.4318	
6818.167	4.634297	100.4459	
6818.333	4.634297	100.446	
7000	4.634297	100.446	
7077.667	4.634297	100.4483	
8000	4.518439	100.4483	
9000	4.518439	100.4483	
10000	4.405478	100.4483	
10243.67	4.405478	100.454	
11000	4.405478	100.454	
12000	4.295342	100.454	
13000	4.295342	100.454	
14000	4.187958	100.454	
15000	4.187958	100.454	
15567	4.187958	100.4605	
16000	4.083259	100.4605	
17000	4.083259	100.4605	
17369.5	4.083259	100.4683	
17369.83	4.083259	100.4704	
18000	3.981178	100.4704	
19000	3.981178	100.4704	
20000	3.881648	100.4704	
21000	3.881648	100.4704	
22000	3.784607	100.4704	
23000	3.784607	100.4704	
24000	3.689992	100.4704	
25000	3.689992	100.4704	
26000	3.597742	100.4704	
27000	3.597742	100.4704	
28000	3.507798	100.4704	
29000	3.507798	100.4704	
30000	3.420103	100.4704	
31000	3.420103	100.4704	
32000	3.334601	100.4704	
33000	3.334601	100.4704	
33279.33	3.334601	100.4734	
34000	3.251236	100.4734	
35000	3.251236	100.4734	
36000	3.169955	100.4734	
37000	3.169955	100.4734	
38000	3.090706	100.4734	
39000	3.090706	100.4734	
40000	3.013438	100.4734	
41000	3.013438	100.4734	
42000	2.938102	100.4734	
43000	2.938102	100.4734	
44000	2.86465	100.4734	
45000	2.86465	100.4734	
46000	2.793034	100.4734	
47000	2.793034	100.4734	
48000	2.723208	100.4734	
49000	2.723208	100.4734	
50000	2.655128	100.4734	
51000	2.655128	100.4734	
52000	2.588749	100.4734	
53000	2.588749	100.4734	
54000	2.524031	100.4734	
55000	2.524031	100.4734	
56000	2.46093	100.4734	
57000	2.46093	100.4734	
58000	2.399407	100.4734	
59000	2.399407	100.4734	
60000	2.339421	100.4734	
61000	2.339421	100.4734	
62000	2.280936	100.4734	
63000	2.280936	100.4734	
64000	2.223913	100.4734	
65000	2.223913	100.4734	
66000	2.168315	100.4734	
67000	2.168315	100.4734	
68000	2.114107	100.4734	
69000	2.114107	100.4734	
70000	2.061254	100.4734	
71000	2.061254	100.4734	
72000	2.009723	100.4734	
73000	2.009723	100.4734	
74000	1.95948	100.4734	
75000	1.95948	100.4734	
76000	1.910493	100.4734	
77000	1.910493	100.4734	
78000	1.86273	100.4734	
79000	1.86273	100.4734	
80000	1.816162	100.4734	
81000	1.816162	100.4734	
82000	1.770758	100.4734	
83000	1.770758	100.4734	
84000	1.726489	100.4734	
85000	1.726489	100.4734	
86000	1.683327	100.4734	
87000	1.683327	100.4734	
88000	1.641244	100.4734	
89000	1.641244	100.4734	
90000	1.600213	100.4734	
91000	1.600213	100.4734	
92000	1.560207	100.4734	
93000	1.560207	100.4734	
94000	1.521202	100.4734	
94698.83	1.521202	100.4745	
95000	1.521202	100.4745	
96000	1.483172	100.4745	
97000	1.483172	100.4745	
98000	1.446093	100.4745	
99000	1.446093	100.4745	
1e+05	1.409941	100.4745	
101000	1.409941	100.4745	
102000	1.374692	100.4745	
103000	1.374692	100.4745	
104000	1.340325	100.4745	
105000	1.340325	100.4745	
106000	1.306817	100.4745	
107000	1.306817	100.4745	
108000	1.274146	100.4745	
109000	1.274146	100.4745	
110000	1.242293	100.4745	
111000	1.242293	100.4745	
112000	1.211235	100.4745	
113000	1.211235	100.4745	
114000	1.180954	100.4745	
115000	1.180954	100.4745	
116000	1.15143	100.4745	
117000	1.15143	100.4745	
118000	1.122645	100.4745	
119000	1.122645	100.4745	
120000	1.094579	100.4745	
121000	1.094579	100.4745	
122000	1.067214	100.4745	
123000	1.067214	100.4745	
124000	1.040534	100.4745	
125000	1.040534	100.4745	
126000	1.01452	100.4745	
127000	1.01452	100.4745	
128000	0.9891574	100.4745	
129000	0.9891574	100.4745	
130000	0.9644285	100.4745	
131000	0.9644285	100.4745	
132000	0.9403178	100.4745	
133000	0.9403178	100.4745	
134000	0.9168098	100.4745	
135000	0.9168098	100.4745	
136000	0.8938896	100.4745	
137000	0.8938896	100.4745	
138000	0.8715423	100.4745	
139000	0.8715423	100.4745	
140000	0.8497538	100.4745	
141000	0.8497538	100.4745	
142000	0.8285099	100.4745	
143000	0.8285099	100.4745	
144000	0.8077972	100.4745	
145000	0.8077972	100.4745	
146000	0.7876023	100.4745	
147000	0.7876023	100.4745	
148000	0.7679122	100.4745	
149000	0.7679122	100.4745	
150000	0.7487144	100.4745	
151000	0.7487144	100.4745	
152000	0.7299965	100.4745	
153000	0.7299965	100.4745	
154000	0.7117466	100.4745	
155000	0.7117466	100.4745	
156000	0.693953	100.4745	
157000	0.693953	100.4745	
158000	0.6766041	100.4745	
159000	0.6766041	100.4745	
160000	0.659689	100.4745	
161000	0.659689	100.4745	
162000	0.6431968	100.4745	
163000	0.6431968	100.4745	
164000	0.6271169	100.4745	
165000	0.6271169	100.4745	
166000	0.611439	100.4745	
167000	0.611439	100.4745	
168000	0.596153	100.4745	
169000	0.596153	100.4745	
170000	0.5812492	100.4745	
171000	0.5812492	100.4745	
172000	0.5667179	100.4745	
172151.3	0.5667179	100.476	
173000	0.5667179	100.476	
174000	0.55255	100.476	
175000	0.55255	100.476	
176000	0.5387362	100.476	
177000	0.5387362	100.476	
178000	0.5252678	100.476	
179000	0.5252678	100.476	
180000	0.5121361	100.476	
181000	0.5121361	100.476	
182000	0.4993327	100.476	
183000	0.4993327	100.476	
184000	0.4868494	100.476	
185000	0.4868494	100.476	
186000	0.4746782	100.476	
187000	0.4746782	100.476	
188000	0.4628112	100.476	
189000	0.4628112	100.476	
190000	0.4512409	100.476	
191000	0.4512409	100.476	
192000	0.4399599	100.476	
193000	0.4399599	100.476	
194000	0.4289609	100.476	
195000	0.4289609	100.476	
196000	0.4182369	100.476	
197000	0.4182369	100.476	
198000	0.407781	100.476	
199000	0.407781	100.476	
2e+05	0.3975864	100.476	
201000	0.3975864	100.476	
202000	0.3876468	100.476	
203000	0.3876468	100.476	
204000	0.3779556	100.476	
205000	0.3779556	100.476	
206000	0.3685067	100.476	
207000	0.3685067	100.476	
208000	0.3592941	100.476	
209000	0.3592941	100.476	
210000	0.3503117	100.476	
211000	0.3503117	100.476	
212000	0.3415539	100.476	
213000	0.3415539	100.476	
214000	0.3330151	100.476	
215000	0.3330151	100.476	
216000	0.3246897	100.476	
217000	0.3246897	100.476	
218000	0.3165724	100.476	
219000	0.3165724	100.476	
220000	0.3086581	100.476	
221000	0.3086581	100.476	
222000	0.3009417	100.476	
223000	0.3009417	100.476	
224000	0.2934181	100.476	
225000	0.2934181	100.476	
226000	0.2860827	100.476	
227000	0.2860827	100.476	
228000	0.2789306	100.476	
229000	0.2789306	100.476	
230000	0.2719574	100.476	
231000	0.2719574	100.476	
232000	0.2651584	100.476	
233000	0.2651584	100.476	
234000	0.2585295	100.476	
235000	0.2585295	100.476	
236000	0.2520662	100.476	
237000	0.2520662	100.476	
238000	0.2457646	100.476	
239000	0.2457646	100.476	
240000	0.2396205	100.476	
241000	0.2396205	100.476	
242000	0.2336299	100.476	
243000	0.2336299	100.476	
244000	0.2277892	100.476	
245000	0.2277892	100.476	
246000	0.2220945	100.476	
247000	0.2220945	100.476	
248000	0.2165421	100.476	
249000	0.2165421	100.476	
250000	0.2111286	100.476	
251000	0.2111286	100.476	
252000	0.2058503	100.476	
253000	0.2058503	100.476	
254000	0.2007041	100.476	
255000	0.2007041	100.476	
256000	0.1956865	100.476	
256839.2	0.1956865	100.4773	
257000	0.1956865	100.4773	
258000	0.1907943	100.4773	
259000	0.1907943	100.4773	
260000	0.1860245	100.4773	
261000	0.1860245	100.4773	
262000	0.1813738	100.4773	
263000	0.1813738	100.4773	
264000	0.1768395	100.4773	
265000	0.1768395	100.4773	
266000	0.1724185	100.4773	
267000	0.1724185	100.4773	
268000	0.168108	100.4773	
269000	0.168108	100.4773	
270000	0.1639053	100.4773	
271000	0.1639053	100.4773	
272000	0.1598077	100.4773	
273000	0.1598077	100.4773	
274000	0.1558125	100.4773	
275000	0.1558125	100.4773	
276000	0.1519172	100.4773	
277000	0.1519172	100.4773	
278000	0.1481193	100.4773	
279000	0.1481193	100.4773	
280000	0.1444163	100.4773	
281000	0.1444163	100.4773	
282000	0.1408059	100.4773	
283000	0.1408059	100.4773	
284000	0.1372857	100.4773	
285000	0.1372857	100.4773	
286000	0.1338536	100.4773	
287000	0.1338536	100.4773	
288000	0.1305073	100.4773	
289000	0.1305073	100.4773	
290000	0.1272446	100.4773	
291000	0.1272446	100.4773	
292000	0.1240635	100.4773	
293000	0.1240635	100.4773	
294000	0.1209619	100.4773	
295000	0.1209619	100.4773	
296000	0.1179378	100.4773	
297000	0.1179378	100.4773	
298000	0.1149894	100.4773	
299000	0.1149894	100.4773	
3e+05	0.1121146	100.4773	
300418.2	0.1121146	100.4802	
301000	0.1121146	100.4802	
302000	0.1093118	100.4802	
303000	0.1093118	100.4802	
304000	0.106579	100.4802	
305000	0.106579	100.4802	
306000	0.1039145	100.4802	
307000	0.1039145	100.4802	
308000	0.1013167	100.4802	
309000	0.1013167	100.4802	
310000	0.09878373	100.4802	
311000	0.09878373	100.4802	
312000	0.09631414	100.4802	
313000	0.09631414	100.4802	
314000	0.09390629	100.4802	
315000	0.09390629	100.4802	
316000	0.09155863	100.4802	
317000	0.09155863	100.4802	
318000	0.08926966	100.4802	
319000	0.08926966	100.4802	
320000	0.08703792	100.4802	
321000	0.08703792	100.4802	
322000	0.08486197	100.4802	
322382.5	0.08486197	100.4805	
323000	0.08486197	100.4805	
324000	0.08274043	100.4805	
325000	0.08274043	100.4805	
326000	0.08067191	100.4805	
327000	0.08067191	100.4805	
328000	0.07865512	100.4805	
329000	0.07865512	100.4805	
329410.7	0.07865512	100.4812	
330000	0.07668874	100.4812	
331000	0.07668874	100.4812	
331443.8	0.07668874	100.4818	
332000	0.07477152	100.4818	
333000	0.07477152	100.4818	
334000	0.07290223	100.4818	
335000	0.07290223	100.4818	
336000	0.07107968	100.4818	
337000	0.07107968	100.4818	
338000	0.06930268	100.4818	
339000	0.06930268	100.4818	
340000	0.06757012	100.4818	
341000	0.06757012	100.4818	
342000	0.06588086	100.4818	
343000	0.06588086	100.4818	
344000	0.06423384	100.4818	
345000	0.06423384	100.4818	
346000	0.062628	100.4818	
347000	0.062628	100.4818	
348000	0.0610623	100.4818	
349000	0.0610623	100.4818	
350000	0.05953574	100.4818	
351000	0.05953574	100.4818	
352000	0.05804735	100.4818	
353000	0.05804735	100.4818	
354000	0.05659616	100.4818	
355000	0.05659616	100.4818	
356000	0.05518126	100.4818	
357000	0.05518126	100.4818	
358000	0.05380173	100.4818	
359000	0.05380173	100.4818	
360000	0.05245668	100.4818	
361000	0.05245668	100.4818	
361509.8	0.05245668	100.482	
362000	0.05114527	100.482	
363000	0.05114527	100.482	
364000	0.04986663	100.482	
365000	0.04986663	100.482	
366000	0.04861997	100.482	
367000	0.04861997	100.482	
368000	0.04740447	100.482	
369000	0.04740447	100.482	
370000	0.04621936	100.482	
371000	0.04621936	100.482	
372000	0.04506387	100.482	
373000	0.04506387	100.482	
374000	0.04393728	100.482	
375000	0.04393728	100.482	
376000	0.04283885	100.482	
377000	0.04283885	100.482	
378000	0.04176787	100.482	
379000	0.04176787	100.482	
380000	0.04072368	100.482	
381000	0.04072368	100.482	
382000	0.03970559	100.482	
383000	0.03970559	100.482	
383265.5	0.03970559	100.4822	
384000	0.03871295	100.4822	
385000	0.03871295	100.4822	
386000	0.03774512	100.4822	
387000	0.03774512	100.4822	
388000	0.03680149	100.4822	
389000	0.03680149	100.4822	
390000	0.03588146	100.4822	
391000	0.03588146	100.4822	
392000	0.03498442	100.4822	
393000	0.03498442	100.4822	
394000	0.03410981	100.4822	
395000	0.03410981	100.4822	
396000	0.03325706	100.4822	
397000	0.03325706	100.4822	
398000	0.03242564	100.4822	
399000	0.03242564	100.4822	
4e+05	0.031615	100.4822	
401000	0.031615	100.4822	
402000	0.03082462	100.4822	
403000	0.03082462	100.4822	
404000	0.03005401	100.4822	
405000	0.03005401	100.4822	
406000	0.02930266	100.4822	
407000	0.02930266	100.4822	
408000	0.02857009	100.4822	
409000	0.02857009	100.4822	
410000	0.02785584	100.4822	
411000	0.02785584	100.4822	
412000	0.02715944	100.4822	
413000	0.02715944	100.4822	
414000	0.02648046	100.4822	
415000	0.02648046	100.4822	
416000	0.02581844	100.4822	
417000	0.02581844	100.4822	
418000	0.02517298	100.4822	
419000	0.02517298	100.4822	
419379.5	0.02517298	100.4825	
420000	0.02454366	100.4825	
421000	0.02454366	100.4825	
422000	0.02393007	100.4825	
423000	0.02393007	100.4825	
424000	0.02333182	100.4825	
425000	0.02333182	100.4825	
426000	0.02274852	100.4825	
427000	0.02274852	100.4825	
428000	0.02217981	100.4825	
429000	0.02217981	100.4825	
430000	0.02162531	100.4825	
431000	0.02162531	100.4825	
432000	0.02108468	100.4825	
433000	0.02108468	100.4825	
434000	0.02055756	100.4825	
435000	0.02055756	100.4825	
435147.2	0.02055756	100.4833	
435147.7	0.02055756	100.4835	
436000	0.02004362	100.4835	
437000	0.02004362	100.4835	
438000	0.01954253	100.4835	
439000	0.01954253	100.4835	
440000	0.01905397	100.4835	
441000	0.01905397	100.4835	
442000	0.01857762	100.4835	
443000	0.01857762	100.4835	
444000	0.01811318	100.4835	
445000	0.01811318	100.4835	
446000	0.01766035	100.4835	
447000	0.01766035	100.4835	
448000	0.01721884	100.4835	
449000	0.01721884	100.4835	
450000	0.01678837	100.4835	
451000	0.01678837	100.4835	
452000	0.01636866	100.4835	
453000	0.01636866	100.4835	
454000	0.01595944	100.4835	
455000	0.01595944	100.4835	
456000	0.01556046	100.4835	
457000	0.01556046	100.4835	
458000	0.01517145	100.4835	
459000	0.01517145	100.4835	
460000	0.01479216	100.4835	
461000	0.01479216	100.4835	
462000	0.01442236	100.4835	
463000	0.01442236	100.4835	
464000	0.0140618	100.4835	
465000	0.0140618	100.4835	
466000	0.01371025	100.4835	
466971.2	0.01371025	100.4835	
466971.3	0.01371025	100.4835	
467000	0.01371025	100.4835	
468000	0.0133675	100.4835	
469000	0.0133675	100.4835	
470000	0.01303331	100.4835	
471000	0.01303331	100.4835	
472000	0.01270748	100.4835	
473000	0.01270748	100.4835	
474000	0.01238979	100.4835	
475000	0.01238979	100.4835	
476000	0.01208004	100.4835	
477000	0.01208004	100.4835	
478000	0.01177804	100.4835	
479000	0.01177804	100.4835	
480000	0.01148359	100.4835	
481000	0.01148359	100.4835	
482000	0.0111965	100.4835	
483000	0.0111965	100.4835	
484000	0.01091659	100.4835	
485000	0.01091659	100.4835	
486000	0.01064368	100.4835	
487000	0.01064368	100.4835	
488000	0.01037758	100.4835	
489000	0.01037758	100.4835	
490000	0.01011814	100.4835	
491000	0.01011814	100.4835	
492000	0.00986519	100.4835	
493000	0.00986519	100.4835	
494000	0.009618561	100.4835	
495000	0.009618561	100.4835	
496000	0.009378097	100.4835	
497000	0.009378097	100.4835	
498000	0.009143644	100.4835	
498299.7	0.009143644	100.4837	
499000	0.009143644	100.4837	
5e+05	0.008915053	100.4837	
501000	0.008915053	100.4837	
502000	0.008692177	100.4837	
503000	0.008692177	100.4837	
504000	0.008474872	100.4837	
505000	0.008474872	100.4837	
505297.8	0.008474872	100.4838	
506000	0.008263	100.4838	
507000	0.008263	100.4838	
508000	0.008056425	100.4838	
509000	0.008056425	100.4838	
510000	0.007855015	100.4838	
511000	0.007855015	100.4838	
512000	0.007658639	100.4838	
513000	0.007658639	100.4838	
514000	0.007467173	100.4838	
514398.7	0.007467173	100.484	
514399.3	0.007467173	100.4841	
515000	0.007467173	100.4841	
516000	0.007280494	100.4841	
517000	0.007280494	100.4841	
517453.7	0.007280494	100.4842	
518000	0.007098482	100.4842	
519000	0.007098482	100.4842	
520000	0.00692102	100.4842	
521000	0.00692102	100.4842	
522000	0.006747994	100.4842	
523000	0.006747994	100.4842	
524000	0.006579294	100.4842	
525000	0.006579294	100.4842	
526000	0.006414812	100.4842	
527000	0.006414812	100.4842	
528000	0.006254442	100.4842	
529000	0.006254442	100.4842	
530000	0.006098081	100.4842	
531000	0.006098081	100.4842	
532000	0.005945629	100.4842	
533000	0.005945629	100.4842	
534000	0.005796988	100.4842	
535000	0.005796988	100.4842	
536000	0.005652063	100.4842	
537000	0.005652063	100.4842	
538000	0.005510762	100.4842	
539000	0.005510762	100.4842	
540000	0.005372993	100.4842	
540672.2	0.005372993	100.4843	
540672.3	0.005372993	100.4843	
541000	0.005372993	100.4843	
542000	0.005238668	100.4843	
543000	0.005238668	100.4843	
544000	0.005107701	100.4843	
545000	0.005107701	100.4843	
546000	0.004980009	100.4843	
547000	0.004980009	100.4843	
548000	0.004855508	100.4843	
549000	0.004855508	100.4843	
550000	0.004734121	100.4843	
551000	0.004734121	100.4843	
552000	0.004615768	100.4843	
553000	0.004615768	100.4843	
554000	0.004500373	100.4843	
555000	0.004500373	100.4843	
556000	0.004387864	100.4843	
557000	0.004387864	100.4843	
558000	0.004278168	100.4843	
559000	0.004278168	100.4843	
560000	0.004171213	100.4843	
561000	0.004171213	100.4843	
562000	0.004066933	100.4843	
563000	0.004066933	100.4843	
564000	0.00396526	100.4843	
565000	0.00396526	100.4843	
566000	0.003866128	100.4843	
567000	0.003866128	100.4843	
568000	0.003769475	100.4843	
569000	0.003769475	100.4843	
570000	0.003675238	100.4843	
571000	0.003675238	100.4843	
572000	0.003583357	100.4843	
573000	0.003583357	100.4843	
574000	0.003493773	100.4843	
575000	0.003493773	100.4843	
576000	0.003406429	100.4843	
577000	0.003406429	100.4843	
578000	0.003321268	100.4843	
579000	0.003321268	100.4843	
580000	0.003238236	100.4843	
581000	0.003238236	100.4843	
582000	0.003157281	100.4843	
582731.5	0.003157281	100.4844	
583000	0.003157281	100.4844	
584000	0.003078349	100.4844	
585000	0.003078349	100.4844	
586000	0.00300139	100.4844	
587000	0.00300139	100.4844	
588000	0.002926355	100.4844	
589000	0.002926355	100.4844	
590000	0.002853196	100.4844	
591000	0.002853196	100.4844	
592000	0.002781866	100.4844	
593000	0.002781866	100.4844	
594000	0.00271232	100.4844	
595000	0.00271232	100.4844	
596000	0.002644512	100.4844	
597000	0.002644512	100.4844	
598000	0.002578399	100.4844	
599000	0.002578399	100.4844	
6e+05	0.002513939	100.4844	
601000	0.002513939	100.4844	
602000	0.00245109	100.4844	
603000	0.00245109	100.4844	
604000	0.002389813	100.4844	
605000	0.002389813	100.4844	
606000	0.002330068	100.4844	
607000	0.002330068	100.4844	
608000	0.002271816	100.4844	
609000	0.002271816	100.4844	
610000	0.002215021	100.4844	
611000	0.002215021	100.4844	
612000	0.002159645	100.4844	
613000	0.002159645	100.4844	
614000	0.002105654	100.4844	
615000	0.002105654	100.4844	
616000	0.002053013	100.4844	
617000	0.002053013	100.4844	
618000	0.002001687	100.4844	
619000	0.002001687	100.4844	
620000	0.001951645	100.4844	
621000	0.001951645	100.4844	
622000	0.001902854	100.4844	
623000	0.001902854	100.4844	
624000	0.001855283	100.4844	
625000	0.001855283	100.4844	
626000	0.001808901	100.4844	
627000	0.001808901	100.4844	
628000	0.001763678	100.4844	
629000	0.001763678	100.4844	
630000	0.001719586	100.4844	
631000	0.001719586	100.4844	
632000	0.001676597	100.4844	
633000	0.001676597	100.4844	
634000	0.001634682	100.4844	
635000	0.001634682	100.4844	
636000	0.001593815	100.4844	
637000	0.001593815	100.4844	
638000	0.001553969	100.4844	
639000	0.001553969	100.4844	
640000	0.00151512	100.4844	
641000	0.00151512	100.4844	
642000	0.001477242	100.4844	
643000	0.001477242	100.4844	
644000	0.001440311	100.4844	
645000	0.001440311	100.4844	
646000	0.001404303	100.4844	
647000	0.001404303	100.4844	
648000	0.001369196	100.4844	
649000	0.001369196	100.4844	
650000	0.001334966	100.4844	
651000	0.001334966	100.4844	
652000	0.001301592	100.4844	
653000	0.001301592	100.4844	
654000	0.001269052	100.4844	
654963.8	0.001269052	100.4844	
654964	0.001269052	100.4844	
654964.2	0.001269052	100.4844	
655000	0.001269052	100.4844	
656000	0.001237325	100.4844	
657000	0.001237325	100.4844	
658000	0.001206392	100.4844	
659000	0.001206392	100.4844	
660000	0.001176233	100.4844	
661000	0.001176233	100.4844	
662000	0.001146827	100.4844	
663000	0.001146827	100.4844	
664000	0.001118156	100.4844	
665000	0.001118156	100.4844	
666000	0.001090202	100.4844	
667000	0.001090202	100.4844	
668000	0.001062947	100.4844	
669000	0.001062947	100.4844	
670000	0.001036373	100.4844	
671000	0.001036373	100.4844	
672000	0.001010464	100.4844	
673000	0.001010464	100.4844	
674000	0.0009852025	100.4844	
675000	0.0009852025	100.4844	
676000	0.0009605724	100.4844	
677000	0.0009605724	100.4844	
678000	0.0009365581	100.4844	
679000	0.0009365581	100.4844	
680000	0.0009131442	100.4844	
681000	0.0009131442	100.4844	
682000	0.0008903155	100.4844	
683000	0.0008903155	100.4844	
684000	0.0008680577	100.4844	
685000	0.0008680577	100.4844	
686000	0.0008463562	100.4844	
687000	0.0008463562	100.4844	
687952	0.0008463562	100.4844	
688000	0.0008251973	100.4844	
689000	0.0008251973	100.4844	
690000	0.0008045674	100.4844	
691000	0.0008045674	100.4844	
692000	0.0007844532	100.4844	
693000	0.0007844532	100.4844	
694000	0.0007648419	100.4844	
695000	0.0007648419	100.4844	
696000	0.0007457208	100.4844	
697000	0.0007457208	100.4844	
698000	0.0007270778	100.4844	
699000	0.0007270778	100.4844	
7e+05	0.0007089009	100.4844	
701000	0.0007089009	100.4844	
702000	0.0006911783	100.4844	
702405.5	0.0006911783	100.4844	
703000	0.0006911783	100.4844	
704000	0.0006738989	100.4844	
705000	0.0006738989	100.4844	
706000	0.0006570514	100.4844	
707000	0.0006570514	100.4844	
708000	0.0006406251	100.4844	
709000	0.0006406251	100.4844	
709147.2	0.0006406251	100.4844	
710000	0.0006246095	100.4844	
711000	0.0006246095	100.4844	
712000	0.0006089943	100.4844	
713000	0.0006089943	100.4844	
714000	0.0005937694	100.4844	
715000	0.0005937694	100.4844	
716000	0.0005789252	100.4844	
717000	0.0005789252	100.4844	
718000	0.000564452	100.4844	
719000	0.000564452	100.4844	
720000	0.0005503407	100.4844	
721000	0.0005503407	100.4844	
722000	0.0005365822	100.4844	
723000	0.0005365822	100.4844	
724000	0.0005231677	100.4844	
725000	0.0005231677	100.4844	
726000	0.0005100885	100.4844	
727000	0.0005100885	100.4844	
728000	0.0004973363	100.4844	
729000	0.0004973363	100.4844	
730000	0.0004849028	100.4844	
731000	0.0004849028	100.4844	
732000	0.0004727803	100.4844	
733000	0.0004727803	100.4844	
734000	0.0004609608	100.4844	
735000	0.0004609608	100.4844	
736000	0.0004494368	100.4844	
737000	0.0004494368	100.4844	
738000	0.0004382008	100.4844	
739000	0.0004382008	100.4844	
740000	0.0004272458	100.4844	
741000	0.0004272458	100.4844	
742000	0.0004165647	100.4844	
743000	0.0004165647	100.4844	
744000	0.0004061505	100.4844	
745000	0.0004061505	100.4844	
746000	0.0003959968	100.4844	
747000	0.0003959968	100.4844	
748000	0.0003860969	100.4844	
749000	0.0003860969	100.4844	
750000	0.0003764444	100.4844	
751000	0.0003764444	100.4844	
752000	0.0003670333	100.4844	
753000	0.0003670333	100.4844	
754000	0.0003578575	100.4844	
755000	0.0003578575	100.4844	
756000	0.0003489111	100.4844	
757000	0.0003489111	100.4844	
758000	0.0003401883	100.4844	
759000	0.0003401883	100.4844	
760000	0.0003316836	100.4844	
761000	0.0003316836	100.4844	
762000	0.0003233915	100.4844	
763000	0.0003233915	100.4844	
764000	0.0003153067	100.4844	
765000	0.0003153067	100.4844	
766000	0.000307424	100.4844	
767000	0.000307424	100.4844	
768000	0.0002997384	100.4844	
769000	0.0002997384	100.4844	
769530	0.0002997384	100.4844	
770000	0.000292245	100.4844	
771000	0.000292245	100.4844	
772000	0.0002849388	100.4844	
773000	0.0002849388	100.4844	
774000	0.0002778154	100.4844	
775000	0.0002778154	100.4844	
776000	0.00027087	100.4844	
777000	0.00027087	100.4844	
778000	0.0002640982	100.4844	
779000	0.0002640982	100.4844	
780000	0.0002574958	100.4844	
781000	0.0002574958	100.4844	
782000	0.0002510584	100.4844	
783000	0.0002510584	100.4844	
784000	0.0002447819	100.4844	
785000	0.0002447819	100.4844	
786000	0.0002386624	100.4844	
787000	0.0002386624	100.4844	
788000	0.0002326958	100.4844	
789000	0.0002326958	100.4844	
790000	0.0002268784	100.4844	
791000	0.0002268784	100.4844	
792000	0.0002212065	100.4844	
793000	0.0002212065	100.4844	
794000	0.0002156763	100.4844	
795000	0.0002156763	100.4844	
796000	0.0002102844	100.4844	
797000	0.0002102844	100.4844	
798000	0.0002050273	100.4844	
799000	0.0002050273	100.4844	
8e+05	0.0001999016	100.4844	
801000	0.0001999016	100.4844	
802000	0.0001949041	100.4844	
803000	0.0001949041	100.4844	
804000	0.0001900315	100.4844	
805000	0.0001900315	100.4844	
806000	0.0001852807	100.4844	
807000	0.0001852807	100.4844	
808000	0.0001806487	100.4844	
809000	0.0001806487	100.4844	
810000	0.0001761324	100.4844	
811000	0.0001761324	100.4844	
812000	0.0001717291	100.4844	
813000	0.0001717291	100.4844	
814000	0.0001674359	100.4844	
815000	0.0001674359	100.4844	
816000	0.00016325	100.4844	
817000	0.00016325	100.4844	
818000	0.0001591688	100.4844	
819000	0.0001591688	100.4844	
820000	0.0001551895	100.4844	
821000	0.0001551895	100.4844	
822000	0.0001513098	100.4844	
823000	0.0001513098	100.4844	
824000	0.0001475271	100.4844	
825000	0.0001475271	100.4844	
826000	0.0001438389	100.4844	
827000	0.0001438389	100.4844	
828000	0.0001402429	100.4844	
829000	0.0001402429	100.4844	
830000	0.0001367368	100.4844	
831000	0.0001367368	100.4844	
832000	0.0001333184	100.4844	
833000	0.0001333184	100.4844	
834000	0.0001299855	100.4844	
835000	0.0001299855	100.4844	
836000	0.0001267358	100.4844	
837000	0.0001267358	100.4844	
838000	0.0001235674	100.4844	
839000	0.0001235674	100.4844	
840000	0.0001204782	100.4844	
841000	0.0001204782	100.4844	
842000	0.0001174663	100.4844	
842302.8	0.0001174663	100.4844	
843000	0.0001174663	100.4844	
843131.7	0.0001174663	100.4844	
844000	0.0001145296	100.4844	
845000	0.0001145296	100.4844	
846000	0.0001116664	100.4844	
847000	0.0001116664	100.4844	
848000	0.0001088747	100.4844	
849000	0.0001088747	100.4844	
850000	0.0001061529	100.4844	
851000	0.0001061529	100.4844	
851399.7	0.0001061529	100.4844	
852000	0.000103499	100.4844	
853000	0.000103499	100.4844	
854000	0.0001009116	100.4844	
855000	0.0001009116	100.4844	
856000	9.838877e-05	100.4844	
857000	9.838877e-05	100.4844	
858000	9.592905e-05	100.4844	
859000	9.592905e-05	100.4844	
860000	9.353082e-05	100.4844	
860821	9.353082e-05	100.4844	
861000	9.353082e-05	100.4844	
862000	9.119255e-05	100.4844	
863000	9.119255e-05	100.4844	
864000	8.891274e-05	100.4844	
865000	8.891274e-05	100.4844	
866000	8.668992e-05	100.4844	
867000	8.668992e-05	100.4844	
868000	8.452267e-05	100.4844	
869000	8.452267e-05	100.4844	
870000	8.240961e-05	100.4844	
871000	8.240961e-05	100.4844	
872000	8.034937e-05	100.4844	
873000	8.034937e-05	100.4844	
874000	7.834063e-05	100.4844	
875000	7.834063e-05	100.4844	
876000	7.638212e-05	100.4844	
877000	7.638212e-05	100.4844	
878000	7.447256e-05	100.4844	
879000	7.447256e-05	100.4844	
880000	7.261075e-05	100.4844	
881000	7.261075e-05	100.4844	
882000	7.079548e-05	100.4844	
883000	7.079548e-05	100.4844	
884000	6.902559e-05	100.4844	
885000	6.902559e-05	100.4844	
886000	6.729995e-05	100.4844	
887000	6.729995e-05	100.4844	
888000	6.561745e-05	100.4844	
889000	6.561745e-05	100.4844	
890000	6.397702e-05	100.4844	
891000	6.397702e-05	100.4844	
892000	6.237759e-05	100.4844	
893000	6.237759e-05	100.4844	
894000	6.081815e-05	100.4844	
895000	6.081815e-05	100.4844	
896000	5.92977e-05	100.4844	
897000	5.92977e-05	100.4844	
898000	5.781526e-05	100.4844	
899000	5.781526e-05	100.4844	
9e+05	5.636987e-05	100.4844	
901000	5.636987e-05	100.4844	
902000	5.496063e-05	100.4844	
903000	5.496063e-05	100.4844	
904000	5.358661e-05	100.4844	
905000	5.358661e-05	100.4844	
906000	5.224695e-05	100.4844	
907000	5.224695e-05	100.4844	
908000	5.094077e-05	100.4844	
909000	5.094077e-05	100.4844	
910000	4.966725e-05	100.4844	
911000	4.966725e-05	100.4844	
912000	4.842557e-05	100.4844	
913000	4.842557e-05	100.4844	
914000	4.721493e-05	100.4844	
915000	4.721493e-05	100.4844	
915534.5	4.721493e-05	100.4844	
916000	4.603456e-05	100.4844	
917000	4.603456e-05	100.4844	
918000	4.48837e-05	100.4844	
919000	4.48837e-05	100.4844	
920000	4.37616e-05	100.4844	
921000	4.37616e-05	100.4844	
922000	4.266756e-05	100.4844	
923000	4.266756e-05	100.4844	
924000	4.160087e-05	100.4844	
925000	4.160087e-05	100.4844	
926000	4.056085e-05	100.4844	
927000	4.056085e-05	100.4844	
928000	3.954683e-05	100.4844	
929000	3.954683e-05	100.4844	
930000	3.855816e-05	100.4844	
931000	3.855816e-05	100.4844	
932000	3.759421e-05	100.4844	
933000	3.759421e-05	100.4844	
934000	3.665435e-05	100.4844	
935000	3.665435e-05	100.4844	
936000	3.573799e-05	100.4844	
937000	3.573799e-05	100.4844	
938000	3.484454e-05	100.4844	
939000	3.484454e-05	100.4844	
940000	3.397343e-05	100.4844	
941000	3.397343e-05	100.4844	
942000	3.312409e-05	100.4844	
943000	3.312409e-05	100.4844	
944000	3.229599e-05	100.4844	
945000	3.229599e-05	100.4844	
946000	3.148859e-05	100.4844	
947000	3.148859e-05	100.4844	
948000	3.070138e-05	100.4844	
949000	3.070138e-05	100.4844	
950000	2.993384e-05	100.4844	
951000	2.993384e-05	100.4844	
952000	2.91855e-05	100.4844	
953000	2.91855e-05	100.4844	
954000	2.845586e-05	100.4844	
955000	2.845586e-05	100.4844	
956000	2.774446e-05	100.4844	
957000	2.774446e-05	100.4844	
958000	2.705085e-05	100.4844	
959000	2.705085e-05	100.4844	
960000	2.637458e-05	100.4844	
961000	2.637458e-05	100.4844	
962000	2.571521e-05	100.4844	
963000	2.571521e-05	100.4844	
964000	2.507233e-05	100.4844	
965000	2.507233e-05	100.4844	
966000	2.444553e-05	100.4844	
967000	2.444553e-05	100.4844	
968000	2.383439e-05	100.4844	
969000	2.383439e-05	100.4844	
970000	2.323853e-05	100.4844	
970893.7	2.323853e-05	100.4844	
971000	2.323853e-05	100.4844	
972000	2.265756e-05	100.4844	
973000	2.265756e-05	100.4844	
974000	2.209113e-05	100.4844	
975000	2.209113e-05	100.4844	
976000	2.153885e-05	100.4844	
977000	2.153885e-05	100.4844	
978000	2.100038e-05	100.4844	
979000	2.100038e-05	100.4844	
980000	2.047537e-05	100.4844	
981000	2.047537e-05	100.4844	
982000	1.996348e-05	100.4844	
983000	1.996348e-05	100.4844	
984000	1.94644e-05	100.4844	
985000	1.94644e-05	100.4844	
986000	1.897779e-05	100.4844	
987000	1.897779e-05	100.4844	
988000	1.850334e-05	100.4844	
989000	1.850334e-05	100.4844	
990000	1.804076e-05	100.4844	
991000	1.804076e-05	100.4844	
992000	1.758974e-05	100.4844	
993000	1.758974e-05	100.4844	
994000	1.715e-05	100.4844	
995000	1.715e-05	100.4844	
996000	1.672125e-05	100.4844	
997000	1.672125e-05	100.4844	
998000	1.630321e-05	100.4844	
999000	1.630321e-05	100.4844	
1e+06	1.589563e-05	100.4844	
