Note: [none]
Total # of Iterations:	50000	
Sample size:	383	
Maximum likelihood:	# Parameters:	AIC corr:	AIC:	Slope:	R2:
-2115.235	5	4240.629	4240.469	1.047042	0.4078613	
Model:	mtabi5
PDF:	User-defined function
Support interval range:	2

Varying parameters:
Label	MLE	Lower S.I.	Upper S.I.	Std Err	Lower Bound	Upper Bound	Final step size
MA	700	665	700	274.8591	0	700	57.32012	
Asym	0.0262769	0.01786829	0.0353105	0.01518651	0	0.2	0.04685548	
R0	9.999946	9.429949	10	3.924227	0.5	10	8.482143	
lrc	-1.006203	-1.032708	-0.9789299	0.1342331	-2	0	0.04959682	
scale	49.08703	43.31659	55.68746	3.813362	1	100	18.16796	

Non-varying parameters:
Label	Value
mean	predicted	
x	abi	
tmed	tmed	


Annealing regime:
Initial temp	Rt	ns	nt
5	0.975	20	100

Variance - Covariance Matrix:
	MA	Asym	R0	lrc	scale
MA	75547.55	-0.695359	-361.6407	21.11582	-108.8394	
Asym	-0.695359	0.0002306302	0.04306904	0.001149578	0.002178674	
R0	-361.6407	0.04306904	15.39956	0.2993662	-1.578921	
lrc	21.11582	0.001149578	0.2993662	0.01801853	-0.09510028	
scale	-108.8394	0.002178674	-1.578921	-0.09510028	14.54173	

Source data
abi	tmed	predicted	
283.8185	10.67154	159.4935	
219.765	10.48806	169.2832	
200.2428	10.06609	194.4534	
163.3483	12.21532	98.63622	
82.81442	11.76737	112.9153	
181.2071	9.876369	207.0987	
193.794	10.94866	145.8979	
252.0762	11.59372	119.1105	
128.539	11.82213	111.0416	
368.4531	11.47866	123.4379	
390.5265	11.81506	111.2813	
257.8806	11.736	114.0055	
323.3707	11.01136	143.0083	
331.63	10.63505	161.3885	
126.5362	10.74701	155.6532	
138.8275	10.92373	147.0654	
118.656	10.65338	160.4334	
224.8162	10.13953	189.789	
201.3887	11.37159	127.6313	
200.3567	10.44594	171.625	
260.4685	10.68331	158.8874	
97.66331	10.97178	144.8247	
275.5812	10.09672	192.4923	
174.425	10.88113	149.085	
123.9797	11.48234	123.2967	
105.1204	10.91439	147.5058	
131.4491	11.61667	118.269	
195.1344	9.9215	204.0106	
333.5083	9.025067	275.9979	
383.8355	8.833759	294.6606	
403.7539	8.394118	342.8342	
358.2352	10.75621	155.1923	
69.89712	10.15692	188.7025	
337.9203	8.20213	366.4255	
413.3528	9.305414	250.9025	
386.4252	10.20549	185.7051	
245.612	10.44385	171.7419	
419.262	10.0361	196.3944	
391.8431	10.40382	174.0028	
314.4568	10.34639	177.3048	
374.3908	9.428958	240.6342	
407.595	9.050484	273.6152	
285.625	9.207542	259.373	
326.7525	9.288868	252.3133	
267.6362	8.983948	279.8998	
368.3821	8.392047	343.0799	
259.7374	9.816253	211.292	
354.3346	8.801879	297.8994	
391.6063	8.94437	283.7113	
208.26	9.426972	240.7956	
326.4277	8.407901	341.2033	
286.6137	9.156835	263.882	
238.3668	9.872912	207.3373	
266.9323	9.220841	258.2041	
268.7025	10.06176	194.732	
324.4996	8.12988	375.7411	
43.43188	14.57682	52.23496	
71.0771	14.27647	56.16275	
43.27117	14.00469	60.10843	
39.60789	15.65443	41.21527	
16.74983	15.44998	42.98646	
97.65343	13.90617	61.63839	
136.9736	14.79288	49.66465	
50.11727	14.88039	48.67996	
32.35031	15.0354	47.01137	
28.11402	15.07248	46.62597	
37.81393	15.39656	43.47145	
56.99967	15.09243	46.42081	
40.76413	14.97087	47.69457	
123.8449	14.6502	51.33923	
37.85461	14.48524	53.38729	
24.08204	15.12706	46.06827	
32.74552	14.68435	50.93036	
28.72743	14.63184	51.56106	
41.90247	15.36337	43.77763	
147.599	14.5268	52.85961	
98.32373	15.04664	46.89404	
4.991291	15.13608	45.97708	
37.86884	14.43493	54.03688	
8.607415	15.50237	42.51993	
21.82382	15.65799	41.18559	
19.75664	15.34972	43.90464	
37.2187	15.58787	41.77744	
23.98065	14.57152	52.3006	
14.14422	15.32993	44.08989	
24.25881	15.80108	40.02391	
16.81218	15.51106	42.44341	
40.70617	16.53306	34.94516	
44.24658	12.61463	87.7366	
65.98253	12.3259	95.45698	
59.34909	11.92053	107.7679	
28.89973	13.75117	64.15971	
17.14858	13.52661	68.07565	
54.08257	12.02424	104.4426	
108.5069	12.86419	81.68982	
90.2844	13.08273	76.82936	
21.60283	13.30307	72.3065	
43.23105	13.20971	74.17852	
49.03176	13.31781	72.01684	
84.14669	13.11083	76.23205	
83.59087	12.85564	81.88797	
106.2187	12.68337	86.01575	
19.66275	12.70888	85.38803	
36.99787	12.9846	78.96396	
34.61264	12.51785	90.23429	
15.89876	12.51045	90.42896	
43.16253	13.48725	68.79583	
78.4813	12.65853	86.63255	
90.88003	12.93468	80.07945	
20.08623	12.90525	80.74686	
74.68208	12.39118	93.63949	
24.0964	13.19346	74.51095	
32.72445	13.34513	71.48387	
13.42811	13.01616	78.26911	
38.6194	13.70839	64.88116	
49.95838	12.15359	100.4678	
40.10995	13.21725	74.02489	
38.42542	13.56741	67.34006	
20.8842	13.33447	71.69123	
32.29714	14.66723	51.1347	
136.7245	13.30687	72.23163	
174.6189	13.00922	78.42116	
110.5394	12.74102	84.60541	
111.5475	14.5459	52.6197	
69.63956	14.2025	57.19808	
218.9705	12.64504	86.97001	
256.017	13.54969	67.65827	
101.1595	13.81843	63.04801	
58.75446	13.9806	60.47745	
102.7266	13.98397	60.42566	
100.132	14.31136	55.68411	
121.5486	14.03289	59.6806	
97.86366	13.75783	64.04845	
179.9195	13.44531	69.57458	
54.51957	13.29281	72.50911	
49.70573	13.85621	62.43545	
81.14181	13.40368	70.35957	
103.8268	13.29086	72.54781	
77.73349	14.15875	57.82384	
133.6539	13.24589	73.44555	
105.6338	13.70181	64.99306	
15.00712	13.9476	60.98828	
42.33777	13.13108	75.80548	
21.93534	14.17628	57.57193	
34.04212	14.40997	54.36366	
12.04831	14.03355	59.67066	
46.09271	14.3783	54.78248	
43.35106	13.19144	74.55231	
51.67102	12.49943	90.71957	
73.33223	12.17905	99.70745	
39.35857	11.89403	108.6381	
29.92115	13.59298	66.88463	
15.65791	13.44597	69.56213	
49.58634	12.04161	103.8978	
94.25153	12.81968	82.72841	
112.6419	13.06864	77.13111	
19.2458	13.23438	73.67764	
66.25292	13.26002	73.16176	
104.7079	13.22271	73.91393	
65.19305	13.00417	78.53198	
109.7584	12.71884	85.14451	
95.6145	12.64827	86.88908	
22.28116	12.66909	86.36981	
71.93973	12.90435	80.76734	
38.91536	12.35925	94.52289	
56.81601	12.24473	97.7782	
51.6663	13.21941	73.98113	
100.238	12.50525	90.56581	
119.8198	12.83743	82.31224	
23.91172	13.05593	77.40479	
156.7277	12.1365	100.9822	
55.11125	13.12328	75.96948	
43.75684	13.41941	70.0615	
20.60842	13.12578	75.91688	
40.79479	13.75114	64.16022	
68.3663	12.33429	95.22099	
32.74983	13.37264	70.95251	
82.38281	13.44884	69.50848	
39.93511	13.45395	69.41312	
48.19133	12.00144	105.1629	
55.95284	11.69362	115.4985	
32.43504	11.37332	127.5622	
14.70802	13.17398	74.91198	
13.44888	12.93707	80.02566	
48.91465	11.47315	123.6495	
57.81714	12.28672	96.56881	
84.10241	12.62964	87.35712	
28.58816	12.80579	83.05597	
79.73504	12.76751	83.96715	
63.13915	12.74955	84.39924	
76.52466	12.55089	89.37176	
82.13716	12.19674	99.18335	
92.08521	12.10822	101.8405	
22.57019	12.14503	100.7251	
49.91984	12.34522	94.91451	
44.86561	11.82288	111.0162	
25.33824	11.73981	113.8724	
53.07981	12.75106	84.36284	
69.0459	11.96879	106.2049	
87.00979	12.25463	97.49136	
17.79226	12.49898	90.73145	
84.64869	11.61853	118.2011	
31.41988	12.56447	89.02004	
58.64055	12.8414	82.21961	
17.66949	12.54195	89.60411	
24.35855	13.19164	74.54832	
50.30292	11.68466	115.8172	
26.03474	12.74521	84.50399	
56.37862	12.92051	80.39983	
46.0027	12.89171	81.05617	
102.5347	11.40216	126.4172	
93.27183	11.06633	140.5293	
66.7561	10.74789	155.609	
35.58862	12.6457	86.95351	
21.4381	12.36559	94.34675	
105.3644	10.87789	149.2404	
151.8639	11.70427	115.121	
179.7566	12.14038	100.8654	
34.60463	12.31773	95.68734	
117.4366	12.24323	97.82155	
211.1243	12.25136	97.58583	
155.2159	12.06719	103.1019	
214.1994	11.65683	116.8134	
216.2651	11.55707	120.4693	
26.32774	11.61297	118.4042	
83.58044	11.78407	112.3397	
48.21447	11.27962	131.3667	
86.54661	11.05442	141.0623	
109.1735	12.19787	99.14975	
203.5879	11.4048	126.313	
259.6151	11.72189	114.4998	
50.53229	11.98467	105.6965	
204.9435	11.00224	143.4248	
91.29824	11.95345	106.6987	
89.77696	12.41273	93.04894	
49.98555	11.93446	107.3139	
67.51524	12.7014	85.5715	
436.607	10.38867	174.867	
464.8347	10.05579	195.1174	
335.8146	9.695946	219.966	
192.2319	11.77895	112.516	
170.624	11.37437	127.5204	
479.4308	9.779675	213.889	
590.0851	10.65438	160.3815	
518.7288	11.27621	131.5078	
111.1375	11.46812	123.8432	
319.483	11.29193	130.8595	
427.61	11.36156	128.0328	
307.1029	11.2134	134.1353	
409.5029	10.68792	158.651	
393.2365	10.54402	166.2274	
49.49392	10.63039	161.6325	
160.8752	10.73044	156.4877	
89.0744	10.28368	180.99	
119.7009	9.905245	205.1169	
190.5169	11.18799	135.2155	
329.3277	10.32817	178.3667	
395.1825	10.55143	165.8276	
125.0336	10.89882	148.2429	
341.9694	9.824873	210.6851	
152.6706	10.75392	155.3072	
188.1992	11.31034	130.1052	
115.0432	10.71864	157.0845	
134.3769	11.61003	118.512	
249.2563	10.01994	197.4491	
106.3093	11.08017	139.9127	
168.4123	11.42356	125.5755	
94.29939	11.27815	131.4275	
97.40811	10.95966	145.3865	
93.63956	10.59436	163.5314	
37.00859	12.53905	89.67954	
41.28021	12.21697	98.58786	
105.2626	10.68292	158.9076	
120.2243	11.53532	121.2843	
112.5373	11.98963	105.5383	
37.01855	12.18565	99.51145	
102.7292	12.06482	103.1753	
77.3811	12.07944	102.7232	
92.74221	11.90305	108.3409	
95.69952	11.48727	123.1078	
98.86283	11.36707	127.8121	
24.59399	11.44162	124.87	
61.35203	11.5831	119.5026	
76.37574	11.09165	139.4036	
39.04932	10.91769	147.35	
122.589	12.02929	104.2838	
180.0251	11.21354	134.1294	
184.5336	11.43551	125.1082	
39.15045	11.72606	114.3535	
85.41198	10.77581	154.2155	
47.15722	11.70423	115.1223	
60.86518	12.07968	102.7158	
27.31166	11.67049	116.3229	
61.36126	12.4234	92.75817	
69.44927	10.83334	151.3885	
44.13601	11.95002	106.8094	
101.6387	12.1936	99.27602	
88.20707	12.11509	101.6314	
93.7106	10.96018	145.3622	
68.5239	10.63989	161.1355	
72.72496	10.24435	183.3447	
21.40747	12.26096	97.30846	
23.06867	11.89945	108.4594	
74.2516	10.32175	178.7426	
113.2315	11.19622	134.8648	
78.64091	11.70108	115.2339	
16.90564	11.91019	108.1062	
55.49529	11.74848	113.5703	
59.65689	11.77294	112.723	
54.59781	11.61888	118.1886	
66.19441	11.17159	135.9183	
50.5653	11.03588	141.8964	
12.50828	11.13217	137.6243	
31.92204	11.23782	133.1067	
26.61884	10.76736	154.6358	
14.34555	10.55713	165.5208	
60.92409	11.71132	114.872	
105.2597	10.87116	149.5624	
107.3687	11.06629	140.5308	
15.94044	11.36616	127.8483	
36.51335	10.40011	174.2139	
17.60597	11.3142	129.9478	
34.33305	11.72756	114.3008	
14.76383	11.268	131.8479	
39.97349	12.07103	102.983	
279.7229	10.46351	170.6438	
304.4873	10.14365	189.5306	
261.2084	9.746558	216.2704	
136.0704	11.83071	110.7514	
50.45262	11.41203	126.0283	
113.4599	9.813829	211.4631	
316.3771	10.70069	157.9974	
336.4318	11.29491	130.7371	
64.17238	11.50524	122.4219	
168.9007	11.31679	129.8422	
226.6871	11.36243	127.9979	
185.4805	11.21471	134.0798	
225.7345	10.70226	157.9175	
221.4672	10.55819	165.4637	
58.00672	10.65748	160.2207	
132.7999	10.74932	155.5375	
101.1954	10.27977	181.2228	
106.4861	10.04482	195.8275	
182.1729	11.26267	132.0692	
276.3473	10.39393	174.5664	
217.5544	10.56176	165.2715	
64.60583	10.91	147.7129	
177.6238	9.910485	204.7596	
82.63091	10.81058	152.4999	
149.2773	11.25379	132.4387	
67.17191	10.75417	155.2946	
119.0722	11.60485	118.7015	
133.7165	9.91548	204.4195	
83.13197	11.08597	139.6551	
186.6667	11.4141	125.9465	
98.19742	10.84629	150.7606	
88.47702	10.67226	159.4562	
71.53199	10.26899	181.8654	
56.13742	12.37525	94.07888	
15.84824	11.9421	107.0658	
66.86317	10.08702	193.1109	
63.93504	11.1431	137.1489	
128.0662	11.76322	113.0588	
73.60438	11.98714	105.6177	
148.2792	11.66356	116.5717	
155.1424	11.99493	105.3695	
117.243	11.90282	108.3484	
125.8112	11.21308	134.1489	
140.2097	10.82874	151.6127	
68.25116	10.92854	146.8394	
79.28423	11.12806	137.8036	
71.36199	10.84717	150.7181	
92.12562	10.35224	176.9648	
84.19531	11.56453	120.1914	
106.2251	10.65089	160.5625	
148.5317	10.90389	148.0021	
69.85955	11.18644	135.2818	
165.8586	10.31331	179.2382	
102.4456	11.10675	138.7373	
91.96801	11.68766	115.7104	
71.31115	11.13128	137.6632	
86.31931	11.82421	110.9712	
94.28434	10.1593	188.5546	

Likelihood History
Iteration	Temperature	Likelihood
0	5	-3583.4	
0.4	5	-3376	
0.6	5	-3046.932	
1.2	5	-3020.628	
1.4	5	-2920.691	
1.6	5	-2871.228	
3	5	-2554.466	
5	5	-2195.776	
7.2	5	-2194.005	
8	5	-2190.389	
8.6	5	-2160.561	
12.8	5	-2159.027	
13.2	5	-2156.177	
14	5	-2150.265	
14.4	5	-2145.866	
14.6	5	-2141.605	
16	5	-2141.252	
16.4	5	-2134.483	
17.2	5	-2124.064	
18	5	-2122.797	
18.2	5	-2122.698	
19.6	5	-2122.153	
21	5	-2119.525	
25	5	-2117.997	
25.2	5	-2117.467	
26.2	5	-2117.395	
28.2	5	-2116.936	
43.4	5	-2116.184	
43.6	5	-2116.184	
122	5	-2116.117	
122.2	5	-2116.114	
123.6	5	-2116.057	
124	5	-2115.429	
125.2	5	-2115.427	
702	5	-2115.354	
1000	5	-2115.354	
2000	4.875	-2115.354	
3000	4.875	-2115.354	
3658.4	4.875	-2115.316	
4000	4.753125	-2115.316	
4830	4.753125	-2115.307	
5000	4.753125	-2115.307	
6000	4.634297	-2115.307	
6994.2	4.634297	-2115.301	
7000	4.634297	-2115.301	
7220.4	4.634297	-2115.286	
7221.2	4.634297	-2115.286	
8000	4.518439	-2115.286	
9000	4.518439	-2115.286	
10000	4.405478	-2115.286	
11000	4.405478	-2115.286	
12000	4.295342	-2115.286	
13000	4.295342	-2115.286	
13131.4	4.295342	-2115.268	
14000	4.187958	-2115.268	
15000	4.187958	-2115.268	
16000	4.083259	-2115.268	
17000	4.083259	-2115.268	
18000	3.981178	-2115.268	
19000	3.981178	-2115.268	
20000	3.881648	-2115.268	
20182	3.881648	-2115.266	
20182.2	3.881648	-2115.266	
21000	3.881648	-2115.266	
22000	3.784607	-2115.266	
23000	3.784607	-2115.266	
24000	3.689992	-2115.266	
25000	3.689992	-2115.266	
26000	3.597742	-2115.266	
27000	3.597742	-2115.266	
28000	3.507798	-2115.266	
29000	3.507798	-2115.266	
29292.2	3.507798	-2115.257	
29292.6	3.507798	-2115.257	
30000	3.420103	-2115.257	
31000	3.420103	-2115.257	
32000	3.334601	-2115.257	
33000	3.334601	-2115.257	
34000	3.251236	-2115.257	
35000	3.251236	-2115.257	
36000	3.169955	-2115.257	
37000	3.169955	-2115.257	
38000	3.090706	-2115.257	
39000	3.090706	-2115.257	
40000	3.013438	-2115.257	
41000	3.013438	-2115.257	
42000	2.938102	-2115.257	
43000	2.938102	-2115.257	
44000	2.86465	-2115.257	
44548.4	2.86465	-2115.235	
44548.6	2.86465	-2115.235	
44549.2	2.86465	-2115.235	
45000	2.86465	-2115.235	
46000	2.793034	-2115.235	
47000	2.793034	-2115.235	
48000	2.723208	-2115.235	
49000	2.723208	-2115.235	
50000	2.655128	-2115.235	
