Note: [none]
Total # of Iterations:	50000	
Sample size:	383	
Maximum likelihood:	# Parameters:	AIC corr:	AIC:	Slope:	R2:
-2108.398	6	4229.019	4228.795	1.000288	0.4278503	
Model:	mtabi4
PDF:	User-defined function
Support interval range:	2

Varying parameters:
Label	MLE	Lower S.I.	Upper S.I.	Std Err	Lower Bound	Upper Bound	Final step size
MA	513.3956	482.5919	533.9314	NaN	0	700	53.47649	
a	0.1123636	0.1001164	0.1223636	NaN	-0.5	0.5	0.03545093	
b	1	1.01	1	0.151126	1.5	1	-8.563083e+265	
c	-0.925509	-1.033169	-0.8531337	0.1609979	-2	2	0.549442	
d	9.206644	9.022511	9.29871	0.7034645	0	20	0.3820341	
scale	46.81462	41.76501	54.13316	3.547132	1	100	16.34356	

Non-varying parameters:
Label	Value
mean	predicted	
x	abi	
tmed	tmed	


Annealing regime:
Initial temp	Rt	ns	nt
5	0.975	20	100

Variance - Covariance Matrix:
	MA	a	b	c	d	scale
MA	-9922.39	2.063337	37.43128	5.443767	-34.29394	7.132546	
a	2.063337	-0.0002585761	-0.009757018	-0.002626287	0.01100399	0.008398749	
b	37.43128	-0.009757018	0.02283906	0.03456449	-0.1823761	-0.02182065	
c	5.443767	-0.002626287	0.03456449	0.02592032	-0.095586	0.002268283	
d	-34.29394	0.01100399	-0.1823761	-0.095586	0.4948622	0.02665028	
scale	7.132546	0.008398749	-0.02182065	0.002268283	0.02665028	12.58215	

Source data
abi	tmed	predicted	
283.8185	10.67154	162.8961	
219.765	10.48806	177.8122	
200.2428	10.06609	217.356	
163.3483	12.21532	87.54827	
82.81442	11.76737	101.5778	
181.2071	9.876369	237.2824	
193.794	10.94866	143.0523	
252.0762	11.59372	108.4729	
128.539	11.82213	99.58574	
368.4531	11.47866	113.5588	
390.5265	11.81506	99.83812	
257.8806	11.736	102.7572	
323.3707	11.01136	139.0018	
331.63	10.63505	165.7493	
126.5362	10.74701	157.1734	
138.8275	10.92373	144.7071	
118.656	10.65338	164.3091	
224.8162	10.13953	209.976	
201.3887	11.37159	118.6872	
200.3567	10.44594	181.4368	
260.4685	10.68331	161.9876	
97.66331	10.97178	141.5402	
275.5812	10.09672	214.2533	
174.425	10.88113	147.5936	
123.9797	11.48234	113.3894	
105.1204	10.91439	145.3341	
131.4491	11.61667	107.5093	
195.1344	9.9215	232.4361	
333.5083	9.025067	335.9033	
383.8355	8.833759	358.2446	
403.7539	8.394118	406.598	
358.2352	10.75621	156.4922	
69.89712	10.15692	208.2573	
337.9203	8.20213	425.7977	
413.3528	9.305414	302.6602	
386.4252	10.20549	203.519	
245.612	10.44385	181.6182	
419.262	10.0361	220.4252	
391.8431	10.40382	185.1348	
314.4568	10.34639	190.2953	
374.3908	9.428958	288.0693	
407.595	9.050484	332.9025	
285.625	9.207542	314.2782	
326.7525	9.288868	304.6223	
267.6362	8.983948	340.7452	
368.3821	8.392047	406.8122	
259.7374	9.816253	243.8322	
354.3346	8.801879	361.9115	
391.6063	8.94437	345.3878	
208.26	9.426972	288.3028	
326.4277	8.407901	405.1688	
286.6137	9.156835	320.3005	
238.3668	9.872912	237.6562	
266.9323	9.220841	312.6983	
268.7025	10.06176	217.7966	
324.4996	8.12988	432.6612	
43.43188	14.57682	61.22648	
71.0771	14.27647	62.35042	
43.27117	14.00469	63.66862	
39.60789	15.65443	58.99828	
16.74983	15.44998	59.27059	
97.65343	13.90617	64.23241	
136.9736	14.79288	60.58861	
50.11727	14.88039	60.36404	
32.35031	15.0354	60.00789	
28.11402	15.07248	59.92992	
37.81393	15.39656	59.35058	
56.99967	15.09243	59.88907	
40.76413	14.97087	60.15004	
123.8449	14.6502	60.9956	
37.85461	14.48524	61.53723	
24.08204	15.12706	59.81991	
32.74552	14.68435	60.89328	
28.72743	14.63184	61.05191	
41.90247	15.36337	59.40231	
147.599	14.5268	61.393	
98.32373	15.04664	59.98398	
4.991291	15.13608	59.80224	
37.86884	14.43493	61.7193	
8.607415	15.50237	59.19586	
21.82382	15.65799	58.99398	
19.75664	15.34972	59.42404	
37.2187	15.58787	59.08138	
23.98065	14.57152	61.24376	
14.14422	15.32993	59.45604	
24.25881	15.80108	58.83223	
16.81218	15.51106	59.18381	
40.70617	16.53306	58.26931	
44.24658	12.61463	78.69977	
65.98253	12.3259	84.79688	
59.34909	11.92053	96.21242	
28.89973	13.75117	65.2272	
17.14858	13.52661	66.93766	
54.08257	12.02424	92.92856	
108.5069	12.86419	74.50817	
90.2844	13.08273	71.51089	
21.60283	13.30307	69.01693	
43.23105	13.20971	70.01492	
49.03176	13.31781	68.86681	
84.14669	13.11083	71.1653	
83.59087	12.85564	74.63738	
106.2187	12.68337	77.45455	
19.66275	12.70888	77.01069	
36.99787	12.9846	72.78654	
34.61264	12.51785	80.58112	
15.89876	12.51045	80.73142	
43.16253	13.48725	67.27448	
78.4813	12.65853	77.89608	
90.88003	12.93468	73.47849	
20.08623	12.90525	73.90082	
74.68208	12.39118	83.28671	
24.0964	13.19346	70.19719	
32.72445	13.34513	68.59359	
13.42811	13.01616	72.36432	
38.6194	13.70839	65.52709	
49.95838	12.15359	89.19624	
40.10995	13.21725	69.9312	
38.42542	13.56741	66.60081	
20.8842	13.33447	68.69943	
32.29714	14.66723	60.94418	
136.7245	13.30687	68.97802	
174.6189	13.00922	72.45613	
110.5394	12.74102	76.46506	
111.5475	14.5459	61.3285	
69.63956	14.2025	62.67764	
218.9705	12.64504	78.13992	
256.017	13.54969	66.74564	
101.1595	13.81843	64.77842	
58.75446	13.9806	63.80188	
102.7266	13.98397	63.78307	
100.132	14.31136	62.20357	
121.5486	14.03289	63.51629	
97.86366	13.75783	65.18156	
179.9195	13.44531	67.64657	
54.51957	13.29281	69.12262	
49.70573	13.85621	64.53799	
81.14181	13.40368	68.02993	
103.8268	13.29086	69.14287	
77.73349	14.15875	62.88181	
133.6539	13.24589	69.61843	
105.6338	13.70181	65.57422	
15.00712	13.9476	63.9892	
42.33777	13.13108	70.92153	
21.93534	14.17628	62.79904	
34.04212	14.40997	61.81278	
12.04831	14.03355	63.51278	
46.09271	14.3783	61.93446	
43.35106	13.19144	70.21998	
51.67102	12.49943	80.95679	
73.33223	12.17905	88.50657	
39.35857	11.89403	97.09558	
29.92115	13.59298	66.39588	
15.65791	13.44597	67.64055	
49.58634	12.04161	92.40446	
94.25153	12.81968	75.19155	
112.6419	13.06864	71.68736	
19.2458	13.23438	69.74317	
66.25292	13.26002	69.4669	
104.7079	13.22271	69.87094	
65.19305	13.00417	72.52325	
109.7584	12.71884	76.83999	
95.6145	12.64827	78.08129	
22.28116	12.66909	77.70735	
71.93973	12.90435	73.91388	
38.91536	12.35925	84.01501	
56.81601	12.24473	86.79203	
51.6663	13.21941	69.90742	
100.238	12.50525	80.8374	
119.8198	12.83743	74.9159	
23.91172	13.05593	71.84852	
156.7277	12.1365	89.66723	
55.11125	13.12328	71.01495	
43.75684	13.41941	67.88338	
20.60842	13.12578	70.98495	
40.79479	13.75114	65.22741	
68.3663	12.33429	84.59821	
32.74983	13.37264	68.32505	
82.38281	13.44884	67.61467	
39.93511	13.45395	67.56875	
48.19133	12.00144	93.62747	
55.95284	11.69362	104.3962	
32.43504	11.37332	118.6013	
14.70802	13.17398	70.4191	
13.44888	12.93707	73.44473	
48.91465	11.47315	113.8129	
57.81714	12.28672	85.74327	
84.10241	12.62964	78.4216	
28.58816	12.80579	75.41023	
79.73504	12.76751	76.02646	
63.13915	12.74955	76.32275	
76.52466	12.55089	79.92153	
82.13716	12.19674	88.03577	
92.08521	12.10822	90.46122	
22.57019	12.14503	89.43143	
49.91984	12.34522	84.34134	
44.86561	11.82288	99.55906	
25.33824	11.73981	102.6125	
53.07981	12.75106	76.29769	
69.0459	11.96879	94.65076	
87.00979	12.25463	86.54147	
17.79226	12.49898	80.96603	
84.64869	11.61853	107.4319	
31.41988	12.56447	79.65557	
58.64055	12.8414	74.85487	
17.66949	12.54195	80.09819	
24.35855	13.19164	70.21778	
50.30292	11.68466	104.7496	
26.03474	12.74521	76.39498	
56.37862	12.92051	73.68044	
46.0027	12.89171	74.09867	
102.5347	11.40216	117.1827	
93.27183	11.06633	135.5808	
66.7561	10.74789	157.108	
35.58862	12.6457	78.12796	
21.4381	12.36559	83.86893	
105.3644	10.87789	147.8169	
151.8639	11.70427	103.9792	
179.7566	12.14038	89.55998	
34.60463	12.31773	84.99156	
117.4366	12.24323	86.83	
211.1243	12.25136	86.62386	
155.2159	12.06719	91.64594	
214.1994	11.65683	105.8621	
216.2651	11.55707	110.0466	
26.32774	11.61297	107.6635	
83.58044	11.78407	100.9612	
48.21447	11.27962	123.413	
86.54661	11.05442	136.312	
109.1735	12.19787	88.00571	
203.5879	11.4048	117.0544	
259.6151	11.72189	103.2968	
50.53229	11.98467	94.14973	
204.9435	11.00224	139.5815	
91.29824	11.95345	95.14068	
89.77696	12.41273	82.80589	
49.98555	11.93446	95.75547	
67.51524	12.7014	77.13984	
436.607	10.38867	186.4828	
464.8347	10.05579	218.4061	
335.8146	9.695946	257.2349	
192.2319	11.77895	101.1496	
170.624	11.37437	118.5492	
479.4308	9.779675	247.8674	
590.0851	10.65438	164.2309	
518.7288	11.27621	123.5943	
111.1375	11.46812	114.046	
319.483	11.29193	122.7629	
427.61	11.36156	119.1882	
307.1029	11.2134	127.0064	
409.5029	10.68792	161.6337	
393.2365	10.54402	173.1122	
49.49392	10.63039	166.118	
160.8752	10.73044	158.4098	
89.0744	10.28368	196.083	
119.7009	9.905245	234.1743	
190.5169	11.18799	128.4285	
329.3277	10.32817	191.9603	
395.1825	10.55143	172.4999	
125.0336	10.89882	146.3865	
341.9694	9.824873	242.8866	
152.6706	10.75392	156.6618	
188.1992	11.31034	121.8009	
115.0432	10.71864	159.2965	
134.3769	11.61003	107.7866	
249.2563	10.01994	222.0921	
106.3093	11.08017	134.7381	
168.4123	11.42356	116.149	
94.29939	11.27815	123.491	
97.40811	10.95966	142.3307	
93.63956	10.59436	168.9969	
37.00859	12.53905	80.1557	
41.28021	12.21697	87.50538	
105.2626	10.68292	162.0178	
120.2243	11.53532	111.0009	
112.5373	11.98963	93.99455	
37.01855	12.18565	88.33006	
102.7292	12.06482	91.71559	
77.3811	12.07944	91.28805	
92.74221	11.90305	96.7929	
95.69952	11.48727	113.1633	
98.86283	11.36707	118.9126	
24.59399	11.44162	115.2886	
61.35203	11.5831	108.9248	
76.37574	11.09165	134.0446	
39.04932	10.91769	145.1121	
122.589	12.02929	92.77535	
180.0251	11.21354	126.9986	
184.5336	11.43551	115.5786	
39.15045	11.72606	103.1368	
85.41198	10.77581	155.0529	
47.15722	11.70423	103.9807	
60.86518	12.07968	91.28106	
27.31166	11.67049	105.3129	
61.36126	12.4234	82.57094	
69.44927	10.83334	150.921	
44.13601	11.95002	95.25095	
101.6387	12.1936	88.11874	
88.20707	12.11509	90.2668	
93.7106	10.96018	142.2964	
68.5239	10.63989	165.3674	
72.72496	10.24435	199.7931	
21.40747	12.26096	86.38229	
23.06867	11.89945	96.9134	
74.2516	10.32175	192.5503	
113.2315	11.19622	127.9656	
78.64091	11.70108	104.1037	
16.90564	11.91019	96.55461	
55.49529	11.74848	102.2847	
59.65689	11.77294	101.3714	
54.59781	11.61888	107.4176	
66.19441	11.17159	129.3598	
50.5653	11.03588	137.4611	
12.50828	11.13217	131.6392	
31.92204	11.23782	125.6625	
26.61884	10.76736	155.6714	
14.34555	10.55713	172.0306	
60.92409	11.71132	103.7051	
105.2597	10.87116	148.2802	
107.3687	11.06629	135.5829	
15.94044	11.36616	118.9578	
36.51335	10.40011	185.4638	
17.60597	11.3142	121.6009	
34.33305	11.72756	103.0793	
14.76383	11.268	124.032	
39.97349	12.07103	91.53334	
279.7229	10.46351	179.9159	
304.4873	10.14365	209.5673	
261.2084	9.746558	251.5514	
136.0704	11.83071	99.2812	
50.45262	11.41203	116.7042	
113.4599	9.813829	244.0984	
316.3771	10.70069	160.657	
336.4318	11.29491	122.6064	
64.17238	11.50524	112.3455	
168.9007	11.31679	121.4669	
226.6871	11.36243	119.1447	
185.4805	11.21471	126.9335	
225.7345	10.70226	160.5377	
221.4672	10.55819	171.9433	
58.00672	10.65748	163.9889	
132.7999	10.74932	157.0023	
101.1954	10.27977	196.4494	
106.4861	10.04482	219.5291	
182.1729	11.26267	124.3176	
276.3473	10.39393	186.0136	
217.5544	10.56176	171.6495	
64.60583	10.91	145.6293	
177.6238	9.910485	233.6131	
82.63091	10.81058	152.5392	
149.2773	11.25379	124.7954	
67.17191	10.75417	156.6432	
119.0722	11.60485	108.0035	
133.7165	9.91548	233.0789	
83.13197	11.08597	134.3869	
186.6667	11.4141	116.6038	
98.19742	10.84629	150.0103	
88.47702	10.67226	162.8402	
71.53199	10.26899	197.4613	
56.13742	12.37525	83.6476	
15.84824	11.9421	95.50695	
66.86317	10.08702	215.2321	
63.93504	11.1431	131.0013	
128.0662	11.76322	101.7322	
73.60438	11.98714	94.07236	
148.2792	11.66356	105.5911	
155.1424	11.99493	93.82925	
117.243	11.90282	96.80054	
125.8112	11.21308	127.0241	
140.2097	10.82874	151.2468	
68.25116	10.92854	144.386	
79.28423	11.12806	131.8803	
71.36199	10.84717	149.9489	
92.12562	10.35224	189.7627	
84.19531	11.56453	109.723	
106.2251	10.65089	164.5035	
148.5317	10.90389	146.0421	
69.85955	11.18644	128.5161	
165.8586	10.31331	193.3286	
102.4456	11.10675	133.1405	
91.96801	11.68766	104.631	
71.31115	11.13128	131.6915	
86.31931	11.82421	99.51179	
94.28434	10.1593	208.0233	

Likelihood History
Iteration	Temperature	Likelihood
0	5	-3772.498	
0.3333333	5	-2622.791	
0.5	5	-2509.125	
0.6666667	5	-2499.189	
1	5	-2133.756	
1.166667	5	-2120.107	
1.5	5	-2118.59	
2	5	-2118.427	
2.333333	5	-2112.15	
94.83333	5	-2111.205	
95.66667	5	-2110.878	
649.1667	5	-2110.752	
653.8333	5	-2110.652	
753.1667	5	-2109.845	
766	5	-2109.591	
768	5	-2109.148	
1000	5	-2109.148	
1285.333	5	-2109.095	
2000	4.875	-2109.095	
3000	4.875	-2109.095	
3226.167	4.875	-2108.823	
3226.833	4.875	-2108.599	
4000	4.753125	-2108.599	
4020.333	4.753125	-2108.42	
5000	4.753125	-2108.42	
6000	4.634297	-2108.42	
7000	4.634297	-2108.42	
8000	4.518439	-2108.42	
9000	4.518439	-2108.42	
10000	4.405478	-2108.42	
11000	4.405478	-2108.42	
12000	4.295342	-2108.42	
13000	4.295342	-2108.42	
14000	4.187958	-2108.42	
15000	4.187958	-2108.42	
16000	4.083259	-2108.42	
17000	4.083259	-2108.42	
18000	3.981178	-2108.42	
19000	3.981178	-2108.42	
20000	3.881648	-2108.42	
21000	3.881648	-2108.42	
22000	3.784607	-2108.42	
23000	3.784607	-2108.42	
24000	3.689992	-2108.42	
24473.83	3.689992	-2108.398	
25000	3.689992	-2108.398	
26000	3.597742	-2108.398	
27000	3.597742	-2108.398	
28000	3.507798	-2108.398	
29000	3.507798	-2108.398	
30000	3.420103	-2108.398	
31000	3.420103	-2108.398	
32000	3.334601	-2108.398	
33000	3.334601	-2108.398	
34000	3.251236	-2108.398	
35000	3.251236	-2108.398	
36000	3.169955	-2108.398	
37000	3.169955	-2108.398	
38000	3.090706	-2108.398	
39000	3.090706	-2108.398	
40000	3.013438	-2108.398	
41000	3.013438	-2108.398	
42000	2.938102	-2108.398	
43000	2.938102	-2108.398	
44000	2.86465	-2108.398	
45000	2.86465	-2108.398	
46000	2.793034	-2108.398	
47000	2.793034	-2108.398	
48000	2.723208	-2108.398	
49000	2.723208	-2108.398	
50000	2.655128	-2108.398	
