Note: [none]
Total # of Iterations:	50000	
Sample size:	253	
Maximum likelihood:	# Parameters:	AIC corr:	AIC:	Slope:	R2:
100.2919	4	-192.4225	-192.5837	1.005529	0.2926595	
Model:	mwbrat6
PDF:	dnorm
Support interval range:	2

Varying parameters:
Label	MLE	Lower S.I.	Upper S.I.	Std Err	Lower Bound	Upper Bound	Final step size
MR	0.780294	0	1	7.796424	0	1	1	
WBa	0.5003573	0.2	0.8	4.999395	0.2	0.8	0.6	
WBb	0.3415965	0.03311176	3	1.382687	0.01	3	2.99	
WBc	0.002740853	1e-04	0.01	0.007030434	1e-04	0.01	0.0099	

Non-varying parameters:
Label	Value
mean	predicted	
x	rat	
wb	wb	


Annealing regime:
Initial temp	Rt	ns	nt
5	0.975	20	100

Variance - Covariance Matrix:
	MR	WBa	WBb	WBc
MR	60.78422	-38.51666	0.7295727	-0.002943975	
WBa	-38.51666	24.99395	0.4678327	-0.001887801	
WBb	0.7295727	0.4678327	1.911823	-0.008996845	
WBc	-0.002943975	-0.001887801	-0.008996845	4.9427e-05	

Source data
rat	wb	predicted	
0.4759616	-161.1184	0.2295195	
0.3003152	-64.18379	0.2598068	
0.3938742	76.77306	0.2960305	
0.3736255	-71.36195	0.2577128	
0.1600306	-348.32	0.1607439	
0.1650547	-164.4911	0.22839	
0.1405044	-203.875	0.2148492	
0.2793442	125.3749	0.3064276	
0.2575962	198.3678	0.3201878	
0.2420352	802.747	0.3759274	
0.2945809	-27.06456	0.2702475	
0.1342082	-119.4822	0.2430537	
0.2948654	-13.48224	0.2739053	
0.1885472	-162.9127	0.2289192	
0.1472617	-321.9227	0.171015	
0.1241091	-58.0992	0.2615629	
0.1573864	-334.2297	0.1662398	
0.2249388	431.9746	0.3516686	
0.6260474	-127.1168	0.24063	
0.4121322	-34.30199	0.2682629	
0.5715017	124.6573	0.3062815	
0.5446219	-19.0394	0.2724192	
0.4744601	-300.9227	0.1790962	
0.5349582	-111.8937	0.2454365	
0.3405907	-141.614	0.2359553	
0.5210497	170.3971	0.3151677	
0.4548816	240.2473	0.3271488	
0.5954203	846.6235	0.3775427	
0.5923556	20.94278	0.2827879	
0.4001922	-68.34087	0.2585971	
0.4739078	30.13466	0.2850663	
0.4527148	-97.81491	0.2497873	
0.4141188	-285.5812	0.1849366	
0.4945938	23.53267	0.2834338	
0.4601859	-291.6022	0.1826514	
0.5061606	476.5893	0.3559261	
0.1543426	-615.2016	0.06174578	
0.1832787	-564.0491	0.07859277	
0.1523323	-596.3456	0.06775622	
0.3161728	-445.327	0.1226727	
0.1251806	-674.8043	0.04451143	
0.08662605	-550.0901	0.08346686	
0.1073976	-595.1465	0.06814668	
0.1177354	-509.7141	0.09810851	
0.1325189	-500.9678	0.1013713	
0.4343702	-324.6614	0.1699546	
0.2418193	-593.0901	0.06881855	
0.01669328	-616.8551	0.0612307	
0.1009567	-567.0046	0.07757474	
0.03109615	-680.0306	0.04313852	
0.1053782	-626.5616	0.05824747	
0.1208357	-528.4273	0.09123018	
0.1397098	-702.8775	0.03741475	
0.08104308	-422.5915	0.1315597	
0.04561179	-706.9501	0.03644268	
0.09793627	-648.9416	0.05164251	
0.06287278	-587.8988	0.07052704	
0.1351467	-349.5562	0.1602605	
0.09732386	-389.6823	0.1445004	
0.1655779	-388.1099	0.1451194	
0.1609994	-407.4436	0.1375103	
0.1874337	-353.5972	0.158679	
0.0406339	-582.135	0.07244425	
0.07405498	-407.3059	0.1375644	
0.05920739	-355.1119	0.1580858	
0.03349928	-424.2578	0.1309063	
0.09358744	-407.0217	0.1376762	
0.1480221	-222.2121	0.2083354	
0.1508633	-391.4452	0.1438064	
0.04389473	-448.3811	0.1214847	
0.1161283	-465.688	0.1147866	
0.04617053	-511.5146	0.09744045	
0.07283431	-539.3535	0.08728587	
0.03174495	-446.9757	0.1220311	
0.08635824	-612.9731	0.06244311	
0.08286346	-270.974	0.1904401	
0.07499991	-533.3499	0.0894462	
0.07621066	-484.8056	0.1074709	
0.04650233	-550.0231	0.08349052	
0.07267583	-352.6352	0.1590557	
0.1684874	-588.2293	0.07041775	
0.1775987	-530.5482	0.0904602	
0.1766173	-569.6704	0.07666088	
0.2561497	-400.1882	0.1403649	
0.08581704	-628.1059	0.05777931	
0.08165883	-498.7953	0.1021861	
0.1181447	-545.843	0.08497057	
0.1629166	-455.7928	0.1186086	
0.1210237	-463.2067	0.115743	
0.1912346	-279.8037	0.1871204	
0.1455412	-541.0715	0.08667089	
0.02651434	-570.8406	0.07626103	
0.05568562	-527.051	0.09173096	
0.03503488	-630.3701	0.05709616	
0.05777684	-571.2455	0.07612287	
0.02008387	-466.5412	0.1144581	
0.07143941	-655.3221	0.049832	
0.06278213	-377.4503	0.1493143	
0.1573845	-378.874	0.1487543	
0.09247242	-367.0403	0.1534064	
0.1796374	-372.0856	0.1514239	
0.1271469	-373.289	0.1509508	
0.04003083	-581.2544	0.07273901	
0.1220973	-362.0738	0.1553562	
0.05457975	-361.4389	0.1556054	
0.09209923	-378.5147	0.1488956	
0.08777828	-271.3657	0.1902933	
0.147539	-135.5035	0.2379371	
0.1625557	-446.7216	0.12213	
0.04442081	-477.1589	0.1103851	
0.1986661	-287.2538	0.1843027	
0.08226787	-473.6482	0.1117286	
0.07064392	-546.0022	0.08491404	
0.03355328	-419.7008	0.1326939	
0.07154471	-585.8015	0.07122222	
0.09808652	-230.0192	0.2055244	
0.04748416	-478.8798	0.1097278	
0.1259869	-430.3007	0.1285389	
0.05763474	-555.0963	0.0817066	
0.1068164	-373.0922	0.1510282	
0.1348452	-365.8596	0.1538701	
0.149858	-362.1358	0.1553319	
0.1437259	-345.2036	0.1619618	
0.04349623	-569.1806	0.07682848	
0.09018941	-360.4977	0.1559746	
0.07338176	-340.744	0.1637024	
0.04840161	-376.0194	0.1498771	
0.1039761	-288.5496	0.1838111	
0.1173053	-139.3575	0.2366891	
0.1305473	-404.6157	0.1386227	
0.03379989	-455.5242	0.1187127	
0.1174534	-326.9048	0.169085	
0.05003962	-460.5838	0.1167554	
0.09789741	-519.875	0.09435541	
0.03536019	-407.3696	0.1375394	
0.04882452	-566.7088	0.07767643	
0.07868437	-209.5927	0.2128318	
0.04198474	-471.3113	0.1126247	
0.09480179	-411.409	0.135951	
0.07480113	-533.2849	0.08946968	
0.26936	-359.7821	0.1562552	
0.189034	-348.2046	0.1607891	
0.3093132	-339.3143	0.1642598	
0.2482097	-339.9367	0.1640171	
0.04001177	-545.8614	0.08496402	
0.1178683	-333.4477	0.166544	
0.0556492	-324.6393	0.1699632	
0.1127203	-300.7334	0.1791686	
0.1548122	-185.7268	0.2211675	
0.2486419	3.998362	0.2784851	
0.3110653	-375.1506	0.1502188	
0.0837598	-382.8554	0.1471876	
0.228604	-208.8507	0.2130943	
0.1205257	-358.7068	0.1566769	
0.1291197	-467.3876	0.1141324	
0.06625869	-309.9422	0.1756366	
0.09849051	-543.1919	0.08591386	
0.5828131	-329.9272	0.1679121	
0.3738774	-321.7956	0.1710641	
0.5811849	-277.4243	0.1880171	
0.5059657	-262.0507	0.1937721	
0.07626182	-499.1951	0.102036	
0.2310098	-289.3028	0.1835252	
0.1078383	-284.0455	0.1855179	
0.1626592	-220.9486	0.2087883	
0.29091	-74.82954	0.2566925	
0.4185128	171.4345	0.3153594	
0.478777	-286.6887	0.1845169	
0.2128957	-310.2681	0.1755113	
0.4040281	-140.5184	0.2363118	
0.197504	-265.4929	0.1924896	
0.2710632	-394.991	0.1424106	
0.1525367	-203.7416	0.2148962	
0.1960562	-481.8804	0.1085837	
0.3262517	-97.72987	0.2498133	
0.138568	-392.3084	0.1434666	
0.2202332	-372.54	0.1512453	
0.1085746	-356.2263	0.1576492	
0.1229677	-349.7159	0.1601981	
0.1445175	-339.4601	0.164203	
0.127417	-319.4423	0.1719741	
0.04128587	-544.8333	0.08532941	
0.09253699	-334.3629	0.166188	
0.09946053	-318.0516	0.1725114	
0.0596355	-336.5709	0.1653286	
0.1932361	-254.627	0.1965257	
0.2550653	-84.43666	0.2538364	
0.237985	-367.1683	0.1533562	
0.07283805	-418.9084	0.133005	
0.1092085	-289.4772	0.1834589	
0.06899374	-412.1149	0.1356736	
0.09069465	-484.4994	0.1075873	
0.04204381	-357.2161	0.1572613	
0.1004605	-538.5654	0.08756846	
0.0970911	-174.0596	0.2251589	
0.06027039	-441.2258	0.1242705	
0.1406959	-389.8948	0.1444168	
0.1143764	-506.3601	0.09935634	
0.07969127	-348.4124	0.1607078	
0.0690587	-344.0429	0.1624151	
0.09859162	-329.8078	0.1679585	
0.06142529	-303.7145	0.1780273	
0.01988913	-534.266	0.08911543	
0.0460038	-322.5838	0.1707592	
0.03301357	-310.6519	0.1753637	
0.02011435	-323.4587	0.1704205	
0.09045893	-244.898	0.2001077	
0.1403275	-62.09137	0.2604127	
0.1341438	-345.5783	0.1618154	
0.02887239	-401.3498	0.1399078	
0.04479617	-280.1735	0.1869809	
0.02434118	-392.4432	0.1434136	
0.05118988	-468.1467	0.1138404	
0.02165737	-335.3053	0.1658213	
0.06356096	-525.7666	0.09219902	
0.3170893	-336.044	0.1655337	
0.2377955	-333.237	0.1666259	
0.3464311	-309.2513	0.1759023	
0.2816574	-273.8391	0.1893653	
0.09565752	-514.6332	0.09628632	
0.1990407	-305.081	0.1775035	
0.1211196	-294.4537	0.1815659	
0.1466144	-299.4453	0.1796611	
0.2626483	-212.3632	0.2118498	
0.3644781	-9.475176	0.2749678	
0.283016	-308.5175	0.1761843	
0.1164069	-377.8179	0.1491697	
0.2163242	-266.4403	0.192136	
0.1126222	-363.4031	0.1548346	
0.2184333	-443.6768	0.1233153	
0.1012387	-302.133	0.178633	
0.1816787	-509.0105	0.09836991	
0.1813105	-138.3964	0.2370009	
0.1076421	-414.5601	0.1347127	
0.2435312	-370.1866	0.1521703	
0.1752625	-168.336	0.2270963	
0.121445	-70.76061	0.2578892	
0.1414086	73.22641	0.2952312	
0.1390418	-70.95926	0.2578309	
0.08112583	-354.946	0.1581508	
0.08830946	-166.5576	0.2276954	
0.07755052	-207.7377	0.2134877	
0.1060988	112.6411	0.3038023	
0.1035995	192.1278	0.3190943	
0.1193004	798.5295	0.375762	
0.147881	-35.73009	0.2678684	
0.09275033	-127.5751	0.2404836	
0.1607469	-22.56604	0.2714686	
0.1034699	-173.5244	0.2253407	
0.1036026	-331.2841	0.167385	
0.07726855	-71.57293	0.2576509	
0.09549652	-343.6853	0.1625547	
0.0982538	420.7396	0.3505207	

Likelihood History
Iteration	Temperature	Likelihood
0	5	99.93392	
8.25	5	100.172	
132.75	5	100.2552	
147	5	100.2575	
147.5	5	100.2793	
461.5	5	100.2902	
1000	5	100.2902	
2000	4.875	100.2902	
3000	4.875	100.2902	
4000	4.753125	100.2902	
5000	4.753125	100.2902	
6000	4.634297	100.2902	
7000	4.634297	100.2902	
8000	4.518439	100.2902	
9000	4.518439	100.2902	
10000	4.405478	100.2902	
11000	4.405478	100.2902	
12000	4.295342	100.2902	
13000	4.295342	100.2902	
14000	4.187958	100.2902	
15000	4.187958	100.2902	
16000	4.083259	100.2902	
17000	4.083259	100.2902	
18000	3.981178	100.2902	
19000	3.981178	100.2902	
20000	3.881648	100.2902	
21000	3.881648	100.2902	
22000	3.784607	100.2902	
23000	3.784607	100.2902	
24000	3.689992	100.2902	
25000	3.689992	100.2902	
26000	3.597742	100.2902	
27000	3.597742	100.2902	
28000	3.507798	100.2902	
29000	3.507798	100.2902	
30000	3.420103	100.2902	
30551.75	3.420103	100.2908	
31000	3.420103	100.2908	
32000	3.334601	100.2908	
33000	3.334601	100.2908	
34000	3.251236	100.2908	
35000	3.251236	100.2908	
36000	3.169955	100.2908	
37000	3.169955	100.2908	
38000	3.090706	100.2908	
39000	3.090706	100.2908	
40000	3.013438	100.2908	
41000	3.013438	100.2908	
42000	2.938102	100.2908	
42161.5	2.938102	100.2912	
43000	2.938102	100.2912	
44000	2.86465	100.2912	
45000	2.86465	100.2912	
46000	2.793034	100.2912	
47000	2.793034	100.2912	
48000	2.723208	100.2912	
49000	2.723208	100.2912	
49524	2.723208	100.2919	
50000	2.655128	100.2919	
