Note: [none]
Total # of Iterations:	1e+05	
Sample size:	253	
Maximum likelihood:	# Parameters:	AIC corr:	AIC:	Slope:	R2:
100.2975	3	-194.4985	-194.5949	1.011698	0.2981641	
Model:	mwbrat1
PDF:	dnorm
Support interval range:	2

Varying parameters:
Label	MLE	Lower S.I.	Upper S.I.	Std Err	Lower Bound	Upper Bound	Final step size
MR	0.368466	0	0.7852784	0.4195264	0	1	1	
WBmed	375.7643	-700	500	1203.599	-700	500	1200	
WBb	548.9291	0	800	813.0315	0	800	800	

Non-varying parameters:
Label	Value
mean	predicted	
x	rat	
wb	wb	


Annealing regime:
Initial temp	Rt	ns	nt
5	0.975	20	100

Variance - Covariance Matrix:
	MR	WBmed	WBb
MR	0.1760024	258.0208	34.32697	
WBmed	258.0208	1448652	853693.7	
WBb	34.32697	853693.7	661020.2	

Source data
rat	wb	predicted	
0.4759616	-161.1184	0.2283896	
0.3003152	-64.18379	0.2672473	
0.3938742	76.77306	0.317669	
0.3736255	-71.36195	0.2644384	
0.1600306	-348.32	0.1543705	
0.1650547	-164.4911	0.227017	
0.1405044	-203.875	0.2109957	
0.2793442	125.3749	0.3320601	
0.2575962	198.3678	0.3497189	
0.2420352	802.747	0.2722786	
0.2945809	-27.06456	0.2814864	
0.1342082	-119.4822	0.2452705	
0.2948654	-13.48224	0.2865566	
0.1885472	-162.9127	0.2276594	
0.1472617	-321.9227	0.1642899	
0.1241091	-58.0992	0.2696155	
0.1573864	-334.2297	0.1596342	
0.2249388	431.9746	0.3665392	
0.6260474	-127.1168	0.2421887	
0.4121322	-34.30199	0.2787518	
0.5715017	124.6573	0.3318618	
0.5446219	-19.0394	0.2844922	
0.4744601	-300.9227	0.1723495	
0.5349582	-111.8937	0.248325	
0.3405907	-141.614	0.2363169	
0.5210497	170.3971	0.3435609	
0.4548816	240.2473	0.3574069	
0.5954203	846.6235	0.2550493	
0.5923556	20.94278	0.2989987	
0.4001922	-68.34087	0.2656225	
0.4739078	30.13466	0.3022103	
0.4527148	-97.81491	0.2539645	
0.4141188	-285.5812	0.1783212	
0.4945938	23.53267	0.2999087	
0.4601859	-291.6022	0.1759696	
0.5061606	476.5893	0.3623027	
0.1543426	-615.2016	0.07222935	
0.1832787	-564.0491	0.08509179	
0.1523323	-596.3456	0.0768049	
0.3161728	-445.327	0.1203773	
0.1251806	-674.8043	0.05902349	
0.08662605	-550.0901	0.08884956	
0.1073976	-595.1465	0.0771024	
0.1177354	-509.7141	0.1003135	
0.1325189	-500.9678	0.1029121	
0.4343702	-324.6614	0.1632493	
0.2418193	-593.0901	0.07761444	
0.01669328	-616.8551	0.07183731	
0.1009567	-567.0046	0.08430978	
0.03109615	-680.0306	0.05795509	
0.1053782	-626.5616	0.06956576	
0.1208357	-528.4273	0.0948909	
0.1397098	-702.8775	0.05345017	
0.08104308	-422.5915	0.1279611	
0.04561179	-706.9501	0.05267514	
0.09793627	-648.9416	0.06452136	
0.06287278	-587.8988	0.07891731	
0.1351467	-349.5562	0.1539122	
0.09732386	-389.6823	0.1393686	
0.1655779	-388.1099	0.1399258	
0.1609994	-407.4436	0.1331505	
0.1874337	-353.5972	0.1524182	
0.0406339	-582.135	0.08038107	
0.07405498	-407.3059	0.1331982	
0.05920739	-355.1119	0.1518598	
0.03349928	-424.2578	0.1273969	
0.09358744	-407.0217	0.1332966	
0.1480221	-222.2121	0.2035692	
0.1508633	-391.4452	0.1387452	
0.04389473	-448.3811	0.1193778	
0.1161283	-465.688	0.113802	
0.04617053	-511.5146	0.0997836	
0.07283431	-539.3535	0.09181201	
0.03174495	-446.9757	0.1198372	
0.08635824	-612.9731	0.07276006	
0.08286346	-270.974	0.1840656	
0.07499991	-533.3499	0.09349577	
0.07621066	-484.8056	0.1078205	
0.04650233	-550.0231	0.08886787	
0.07267583	-352.6352	0.1527733	
0.1684874	-588.2293	0.07883393	
0.1775987	-530.5482	0.09428822	
0.1766173	-569.6704	0.08360854	
0.2561497	-400.1882	0.1356735	
0.08581704	-628.1059	0.06920904	
0.08165883	-498.7953	0.1035639	
0.1181447	-545.843	0.09001395	
0.1629166	-455.7928	0.1169715	
0.1210237	-463.2067	0.1145922	
0.1912346	-279.8037	0.1805868	
0.1455412	-541.0715	0.09133378	
0.02651434	-570.8406	0.08330193	
0.05568562	-527.051	0.09528331	
0.03503488	-630.3701	0.06868836	
0.05777684	-571.2455	0.08319601	
0.02008387	-466.5412	0.1135311	
0.07143941	-655.3221	0.06313217	
0.06278213	-377.4503	0.1437315	
0.1573845	-378.874	0.1432204	
0.09247242	-367.0403	0.1474942	
0.1796374	-372.0856	0.145665	
0.1271469	-373.289	0.1452302	
0.04003083	-581.2544	0.08060629	
0.1220973	-362.0738	0.149305	
0.05457975	-361.4389	0.1495372	
0.09209923	-378.5147	0.1433493	
0.08777828	-271.3657	0.1839109	
0.147539	-135.5035	0.2387945	
0.1625557	-446.7216	0.1199203	
0.04442081	-477.1589	0.1101903	
0.1986661	-287.2538	0.1776669	
0.08226787	-473.6482	0.1112885	
0.07064392	-546.0022	0.08997013	
0.03355328	-419.7008	0.1289431	
0.07154471	-585.8015	0.07944784	
0.09808652	-230.0192	0.2004193	
0.04748416	-478.8798	0.1096543	
0.1259869	-430.3007	0.1253616	
0.05763474	-555.0963	0.08748968	
0.1068164	-373.0922	0.1453013	
0.1348452	-365.8596	0.1479238	
0.149858	-362.1358	0.1492823	
0.1437259	-345.2036	0.1555284	
0.04349623	-569.1806	0.08373709	
0.09018941	-360.4977	0.1498817	
0.07338176	-340.744	0.1571916	
0.04840161	-376.0194	0.144246	
0.1039761	-288.5496	0.1771606	
0.1173053	-139.3575	0.2372323	
0.1305473	-404.6157	0.1341311	
0.03379989	-455.5242	0.1170582	
0.1174534	-326.9048	0.1623989	
0.05003962	-460.5838	0.1154307	
0.09789741	-519.875	0.09734581	
0.03536019	-407.3696	0.1331761	
0.04882452	-566.7088	0.08438785	
0.07868437	-209.5927	0.2086764	
0.04198474	-471.3113	0.1120231	
0.09480179	-411.409	0.1317817	
0.07480113	-533.2849	0.09351411	
0.26936	-359.7821	0.1501439	
0.189034	-348.2046	0.1544133	
0.3093132	-339.3143	0.1577264	
0.2482097	-339.9367	0.1574935	
0.04001177	-545.8614	0.09000888	
0.1178683	-333.4477	0.1599285	
0.0556492	-324.6393	0.1632577	
0.1127203	-300.7334	0.1724227	
0.1548122	-185.7268	0.2183724	
0.2486419	3.998362	0.2929524	
0.3110653	-375.1506	0.1445589	
0.0837598	-382.8554	0.1417957	
0.228604	-208.8507	0.2089772	
0.1205257	-358.7068	0.1505382	
0.1291197	-467.3876	0.1132626	
0.06625869	-309.9422	0.1688708	
0.09849051	-543.1919	0.09074572	
0.5828131	-329.9272	0.1612559	
0.3738774	-321.7956	0.1643382	
0.5811849	-277.4243	0.1815223	
0.5059657	-262.0507	0.1876001	
0.07626182	-499.1951	0.1034437	
0.2310098	-289.3028	0.1768665	
0.1078383	-284.0455	0.1789226	
0.1626592	-220.9486	0.2040797	
0.29091	-74.82954	0.263076	
0.4185128	171.4345	0.3438033	
0.478777	-286.6887	0.1778879	
0.2128957	-310.2681	0.1687456	
0.4040281	-140.5184	0.2367614	
0.197504	-265.4929	0.1862345	
0.2710632	-394.991	0.1374953	
0.1525367	-203.7416	0.2110499	
0.1960562	-481.8804	0.1087235	
0.3262517	-97.72987	0.2539984	
0.138568	-392.3084	0.1384404	
0.2202332	-372.54	0.1455007	
0.1085746	-356.2263	0.1514496	
0.1229677	-349.7159	0.1538531	
0.1445175	-339.4601	0.1576718	
0.127417	-319.4423	0.1652344	
0.04128587	-544.8333	0.0902922	
0.09253699	-334.3629	0.1595842	
0.09946053	-318.0516	0.1657649	
0.0596355	-336.5709	0.1587546	
0.1932361	-254.627	0.1905538	
0.2550653	-84.43666	0.2592839	
0.237985	-367.1683	0.1474477	
0.07283805	-418.9084	0.129213	
0.1092085	-289.4772	0.1767984	
0.06899374	-412.1149	0.1315388	
0.09069465	-484.4994	0.1079148	
0.04204381	-357.2161	0.1510856	
0.1004605	-538.5654	0.09203191	
0.0970911	-174.0596	0.2231216	
0.06027039	-441.2258	0.1217267	
0.1406959	-389.8948	0.1392934	
0.1143764	-506.3601	0.1013052	
0.07969127	-348.4124	0.1543362	
0.0690587	-344.0429	0.1559605	
0.09859162	-329.8078	0.161301	
0.06142529	-303.7145	0.1712701	
0.01988913	-534.266	0.09323757	
0.0460038	-322.5838	0.1640385	
0.03301357	-310.6519	0.1685981	
0.02011435	-323.4587	0.163706	
0.09045893	-244.898	0.1944415	
0.1403275	-62.09137	0.2680631	
0.1341438	-345.5783	0.155389	
0.02887239	-401.3498	0.135268	
0.04479617	-280.1735	0.1804415	
0.02434118	-392.4432	0.1383928	
0.05118988	-468.1467	0.1130222	
0.02165737	-335.3053	0.1592299	
0.06356096	-525.7666	0.09565042	
0.3170893	-336.044	0.1589524	
0.2377955	-333.237	0.1600078	
0.3464311	-309.2513	0.1691364	
0.2816574	-273.8391	0.1829347	
0.09565752	-514.6332	0.09886986	
0.1990407	-305.081	0.1707426	
0.1211196	-294.4537	0.1748594	
0.1466144	-299.4453	0.1729216	
0.2626483	-212.3632	0.2075537	
0.3644781	-9.475176	0.288036	
0.283016	-308.5175	0.1694186	
0.1164069	-377.8179	0.1435994	
0.2163242	-266.4403	0.1858591	
0.1126222	-363.4031	0.1488193	
0.2184333	-443.6768	0.1209193	
0.1012387	-302.133	0.1718812	
0.1816787	-509.0105	0.100521	
0.1813105	-138.3964	0.237622	
0.1076421	-414.5601	0.1306992	
0.2435312	-370.1866	0.1463523	
0.1752625	-168.336	0.2254518	
0.121445	-70.76061	0.2646744	
0.1414086	73.22641	0.3165464	
0.1390418	-70.95926	0.2645964	
0.08112583	-354.946	0.151921	
0.08830946	-166.5576	0.2261758	
0.07755052	-207.7377	0.2094285	
0.1060988	112.6411	0.3284766	
0.1035995	192.1278	0.348414	
0.1193004	798.5295	0.2739026	
0.147881	-35.73009	0.2782097	
0.09275033	-127.5751	0.2420034	
0.1607469	-22.56604	0.2831749	
0.1034699	-173.5244	0.2233395	
0.1036026	-331.2841	0.1607437	
0.07726855	-71.57293	0.2643557	
0.09549652	-343.6853	0.1560938	
0.0982538	420.7396	0.3672313	

Likelihood History
Iteration	Temperature	Likelihood
0	5	98.29533	
0.3333333	5	99.36153	
1	5	99.83088	
3.333333	5	100.1575	
8.333333	5	100.2512	
8.666667	5	100.2695	
207.3333	5	100.2741	
414.3333	5	100.2801	
432.3333	5	100.2852	
432.6667	5	100.293	
1000	5	100.293	
2000	4.875	100.293	
3000	4.875	100.293	
3138.333	4.875	100.2931	
4000	4.753125	100.2931	
5000	4.753125	100.2931	
6000	4.634297	100.2931	
7000	4.634297	100.2931	
8000	4.518439	100.2931	
8035.333	4.518439	100.295	
8193.333	4.518439	100.2956	
8241.667	4.518439	100.2966	
9000	4.518439	100.2966	
10000	4.405478	100.2966	
11000	4.405478	100.2966	
12000	4.295342	100.2966	
13000	4.295342	100.2966	
14000	4.187958	100.2966	
15000	4.187958	100.2966	
16000	4.083259	100.2966	
17000	4.083259	100.2966	
18000	3.981178	100.2966	
19000	3.981178	100.2966	
19160	3.981178	100.297	
20000	3.881648	100.297	
21000	3.881648	100.297	
22000	3.784607	100.297	
23000	3.784607	100.297	
24000	3.689992	100.297	
25000	3.689992	100.297	
26000	3.597742	100.297	
27000	3.597742	100.297	
28000	3.507798	100.297	
29000	3.507798	100.297	
30000	3.420103	100.297	
31000	3.420103	100.297	
32000	3.334601	100.297	
33000	3.334601	100.297	
34000	3.251236	100.297	
35000	3.251236	100.297	
36000	3.169955	100.297	
37000	3.169955	100.297	
38000	3.090706	100.297	
39000	3.090706	100.297	
40000	3.013438	100.297	
41000	3.013438	100.297	
41898.33	3.013438	100.2975	
42000	2.938102	100.2975	
43000	2.938102	100.2975	
44000	2.86465	100.2975	
45000	2.86465	100.2975	
46000	2.793034	100.2975	
47000	2.793034	100.2975	
48000	2.723208	100.2975	
49000	2.723208	100.2975	
50000	2.655128	100.2975	
51000	2.655128	100.2975	
52000	2.588749	100.2975	
53000	2.588749	100.2975	
54000	2.524031	100.2975	
55000	2.524031	100.2975	
56000	2.46093	100.2975	
57000	2.46093	100.2975	
58000	2.399407	100.2975	
59000	2.399407	100.2975	
60000	2.339421	100.2975	
61000	2.339421	100.2975	
62000	2.280936	100.2975	
63000	2.280936	100.2975	
64000	2.223913	100.2975	
65000	2.223913	100.2975	
66000	2.168315	100.2975	
67000	2.168315	100.2975	
68000	2.114107	100.2975	
69000	2.114107	100.2975	
70000	2.061254	100.2975	
71000	2.061254	100.2975	
72000	2.009723	100.2975	
73000	2.009723	100.2975	
74000	1.95948	100.2975	
75000	1.95948	100.2975	
76000	1.910493	100.2975	
77000	1.910493	100.2975	
78000	1.86273	100.2975	
79000	1.86273	100.2975	
80000	1.816162	100.2975	
81000	1.816162	100.2975	
82000	1.770758	100.2975	
83000	1.770758	100.2975	
84000	1.726489	100.2975	
85000	1.726489	100.2975	
86000	1.683327	100.2975	
87000	1.683327	100.2975	
88000	1.641244	100.2975	
89000	1.641244	100.2975	
90000	1.600213	100.2975	
91000	1.600213	100.2975	
92000	1.560207	100.2975	
93000	1.560207	100.2975	
94000	1.521202	100.2975	
95000	1.521202	100.2975	
96000	1.483172	100.2975	
97000	1.483172	100.2975	
98000	1.446093	100.2975	
99000	1.446093	100.2975	
1e+05	1.409941	100.2975	
